0 FILE stormtrooper.mpd
0 
0 Name: New Model.ldr
0 Author: 
1 15 0 -68.795 -2.515 1 0 0 0 1 0 0 0 1 head.ldr
1 15 0 -40 0 1 0 0 0 1 0 0 0 1 torso.ldr
1 15 10.5 0 -1 1 0 0 0 1 0 0 0 1 leg L.ldr
1 15 -10.5 0 -1 1 0 0 0 1 0 0 0 1 leg_R.ldr
1 15 19.796 -30.1995 -9.9411 1 0 0 0 1 0 0 0 1 arm left.ldr
1 15 -19.796 -30.1995 -9.9411 1 0 0 0 1 0 0 0 1 arm right.ldr
1 15 0 0 0 1 0 0 0 1 0 0 0 1 mwg_minifig_anchor.dat

0 NOFILE
0 FILE arm left.ldr
0 
0 Name: arm left.ldr
0 Author: 
1 15 -4.244 -32.9205 9.9411 0.985435 0.170055 0 -0.170055 0.985435 0 0 0 1 3819.dat
1 0 3.9142 -15.0475 -0.0589 0.985435 0.120247 -0.120247 -0.170055 0.696808 -0.696808 0 0.707107 0.707107 3820.dat
1 7 -4.244 -32.9205 9.9411 0.985435 0.170055 0 -0.170055 0.985435 0 0 0 1 mwg_minifig_arm_L_anchor.dat
0 NOFILE
0 FILE arm right.ldr
0 
0 Name: arm right.ldr
0 Author: 
1 15 4.244 -32.9205 9.9411 0.985435 -0.170055 0 0.170055 0.985435 0 0 0 1 3818.dat
1 0 -3.9142 -15.0475 -0.0589 0.985435 -0.120247 0.120247 0.170055 0.696808 -0.696808 0 0.707107 0.707107 3820.dat
1 0 4.244 -32.9205 9.9411 0.985435 -0.170055 0 0.170055 0.985435 0 0 0 1 mwg_minifig_arm_R_anchor.dat
0 NOFILE
0 FILE torso.ldr
0 
0 Name: torso.ldr
0 Author: 
1 0 0 0 0 1 0 0 0 1 0 0 0 1 3815.dat
1 7 0 0 0 1 0 0 0 1 0 0 0 1 mwg_minifig_body_anchor.dat
1 15 0 -32 0 1 0 0 0 1 0 0 0 1 973prk.dat
0 NOFILE
0 FILE head.ldr
0 
0 Name: head.ldr
0 Author: 
1 0 0 -27.205 -0.485 1 0 0 0 1 0 0 0 1 3626bp01.dat
1 15 0 -27.205 -0.485 1 0 0 0 1 0 0 0 1 61189ps0.dat
1 0 0 -4 0 1 0 0 0 1 0 0 0 1 mwg_minifig_head_anchor.dat
0 NOFILE
0 FILE leg L.ldr
0 
0 Name: leg L.ldr
0 Author: 
1 15 -10.5 -28 1 1 0 0 0 1 0 0 0 1 3817.dat
1 0 -8.5 -28 1 1 0 0 0 1 0 0 0 1 mwg_minifig_leg_L_anchor.dat
0 NOFILE
0 FILE leg_R.ldr
0 
0 Name: leg_R.ldr
0 Author: 
1 15 10.5 -28 1 1 0 0 0 1 0 0 0 1 3816.dat
1 0 8.5 -28 1 1 0 0 0 1 0 0 0 1 mwg_minifig_leg_R_anchor.dat
0 NOFILE
