0 FILE prop.ldr
0 A thing
0 Name: prop.ldr
0 Author: 
1 2 40 -24 20 1 0 0 0 1 0 0 0 1 3001.dat
1 1 40 -24 -20 1 0 0 0 1 0 0 0 1 716.dat
1 74 0 -24 40 1 0 0 0 1 0 0 0 1 component.ldr
1 4 -99 -48 20 1 0 0 0 1 0 0 0 1 subcomponent.ldr
0 !LEOCAD GROUP BEGIN Minifig #1
1 4 190 -96 0 0 0 1 0 1 0 -1 0 0 3624.dat
1 14 190 -96 0 0 0 1 0 1 0 -1 0 0 3626bp01.dat
1 1 190 -72 0 0 0 1 0 1 0 -1 0 0 973.dat
1 0 190 -40 0 0 0 1 0 1 0 -1 0 0 3815.dat
1 4 190 -63.12 -15.552 0 0 1 -0.170055 0.985435 0 -0.985435 -0.170055 0 3819.dat
1 4 190 -63.12 15.552 0 0 1 0.170055 0.985435 0 -0.985435 0.170055 0 3818.dat
1 14 180 -45.247 -23.7103 0 0.707106 0.707107 -0.170055 0.696808 -0.696807 -0.985435 -0.120247 0.120247 3820.dat
1 14 180 -45.247 23.7102 0 0.707106 0.707108 0.170055 0.696808 -0.696807 -0.985435 0.120247 -0.120247 3820.dat
1 0 190 -28.0001 0 0 0 1 0 1 0 -1 0 0 3817.dat
1 0 190 -28.0001 0 0 0 1 0 1 0 -1 0 0 3816.dat
0 !LEOCAD GROUP END
1 7 40 0 20 1 0 0 0 1 0 0 0 1 mwg_prop_anchor.dat
0 NOFILE
0 FILE component.ldr
0 
0 Name: component.ldr
0 Author: 
1 74 70 -24 0 1 0 0 0 1 0 0 0 1 17485.dat
1 4 60 -32 -10 1 0 0 0 1 0 0 0 1 3957b.dat
1 7 0 0 100 1 0 0 0 1 0 0 0 1 mwg_prop_anchor.dat
1 7 0 -18 100 1 0 0 0 1 0 0 0 1 4588.dat
0 NOFILE
0 FILE subcomponent.ldr
0 
0 Name: subcomponent.ldr
0 Author: 
1 74 0 -24 0 1 0 0 0 1 0 0 0 1 17485.dat
1 4 0 -40 0 1 0 0 0 1 0 0 0 1 6255.dat
1 7 0 -44 0 1 0 0 0 1 0 0 0 1 mwg_prop_anchor.dat
0 NOFILE
