[gd_scene load_steps=3 format=3 uid="uid://cy7bqh5ukf3fo"]

[ext_resource type="Material" uid="uid://bf6te7t23qtp3" path="res://assets/materials/GridMat.tres" id="3_862a5"]

[sub_resource type="NavigationMesh" id="NavigationMesh_yee80"]
vertices = PackedVector3Array(25.6634, 4.82356, 6.17776, 25.9134, 4.82356, 15.6778, 25.9134, 4.82356, 5.67776, 19.9134, 4.82356, 28.4278, 25.9134, 4.82356, 28.6778, 25.9134, 4.82356, 27.9278, 19.9134, 4.82356, 28.1778, 19.1634, 4.82356, -22.8222, 13.1634, 4.82356, -22.8222, 13.1634, 4.82356, -22.5722, 19.1634, 4.82356, -22.5722, 13.6634, 4.82356, 28.4278, 19.9134, 4.82356, 28.4278, 19.9134, 4.82356, 28.1778, 13.6634, 4.82356, 28.1778, 25.6634, 4.82356, -3.57224, 25.6634, 4.82356, 6.17776, 25.9134, 4.82356, 5.67776, 25.9134, 4.82356, -4.32224, 7.41345, 4.82356, 28.4278, 13.6634, 4.82356, 28.4278, 13.6634, 4.82356, 28.1778, 7.41345, 4.82356, 28.1778, 25.4134, 4.82356, -22.5722, 25.6634, 4.82356, -13.3222, 25.9134, 4.82356, -14.3222, 25.9134, 4.82356, -24.3222, 25.4134, 4.82356, -22.8222, 1.41345, 4.82356, 28.4278, 7.41345, 4.82356, 28.4278, 7.41345, 4.82356, 28.1778, 1.16345, 4.82356, 28.1778, 13.1634, 4.82356, -22.8222, 1.16345, 4.82356, -22.8222, 6.91345, 4.82356, -22.5722, 13.1634, 4.82356, -22.5722, -4.83655, 4.82356, 28.4278, 1.41345, 4.82356, 28.4278, 1.16345, 4.82356, 28.1778, -5.08655, 4.82356, 28.1778, 1.16345, 4.82356, -22.8222, 0.913448, 4.82356, -22.5722, 6.91345, 4.82356, -22.5722, -10.8366, 4.82356, 28.4278, -4.83655, 4.82356, 28.4278, -5.08655, 4.82356, 28.1778, -11.3366, 4.82356, 28.1778, -5.08655, 4.82356, -22.8222, -5.33655, 4.82356, -22.5722, 0.913448, 4.82356, -22.5722, 1.16345, 4.82356, -22.8222, -17.0866, 4.82356, 28.4278, -10.8366, 4.82356, 28.4278, -11.3366, 4.82356, 28.1778, -17.5866, 4.82356, 28.1778, -5.33655, 4.82356, -22.5722, -5.08655, 4.82356, -22.8222, -11.0866, 4.82356, -22.8222, -11.3366, 4.82356, -22.5722, -23.0866, 4.82356, 28.4278, -17.0866, 4.82356, 28.4278, -17.5866, 4.82356, 28.1778, -23.3366, 4.82356, 27.9278, -23.0866, 4.82356, -22.8222, -23.3366, 4.82356, -22.3222, -17.5866, 4.82356, -22.5722, -23.5866, 4.82356, 29.6778, -23.0866, 4.82356, 28.4278, -23.3366, 4.82356, 27.9278, -23.5866, 4.82356, 22.9278, -23.5866, 4.82356, 29.6778, -23.3366, 4.82356, 27.9278, -23.3366, 4.82356, 21.4278, -23.5866, 4.82356, -17.5722, -23.3366, 4.82356, -16.0722, -23.3366, 4.82356, -22.3222, -23.5866, 4.82356, -24.3222, -23.5866, 4.82356, 16.1778, -23.5866, 4.82356, 22.9278, -23.3366, 4.82356, 21.4278, -23.3366, 4.82356, 15.1778, -23.0866, 4.82356, -22.8222, -23.5866, 4.82356, -24.3222, -23.3366, 4.82356, -22.3222, -23.5866, 4.82356, 9.42776, -23.5866, 4.82356, 16.1778, -23.3366, 4.82356, 15.1778, -23.3366, 4.82356, 8.92776, 25.9134, 4.82356, -4.32224, 25.9134, 4.82356, -14.3222, 25.6634, 4.82356, -13.3222, 25.6634, 4.82356, -3.57224, -23.5866, 4.82356, 2.67776, -23.5866, 4.82356, 9.42776, -23.3366, 4.82356, 8.92776, -23.3366, 4.82356, 2.67776, -23.5866, 4.82356, -10.8222, -23.3366, 4.82356, -9.82224, -23.3366, 4.82356, -16.0722, -23.5866, 4.82356, -17.5722, -23.5866, 4.82356, 2.67776, -23.3366, 4.82356, 2.67776, -23.3366, 4.82356, -3.57224, -23.5866, 4.82356, -4.07224, 19.1634, 4.82356, -22.5722, 25.4134, 4.82356, -22.5722, 25.4134, 4.82356, -22.8222, 19.1634, 4.82356, -22.8222, -23.5866, 4.82356, -4.07224, -23.3366, 4.82356, -3.57224, -23.3366, 4.82356, -9.82224, -23.5866, 4.82356, -10.8222, -11.0866, 4.82356, -22.8222, -23.0866, 4.82356, -22.8222, -17.5866, 4.82356, -22.5722, -11.3366, 4.82356, -22.5722, -14.3366, 2.07356, -21.5722, -22.3366, 2.07356, -21.5722, -22.3366, 2.07356, -13.3222, -22.3366, 2.07356, -4.82224, -7.58655, 2.07356, -4.57224, -7.58655, 2.07356, -6.07224, -7.58655, 2.07356, -6.07224, -5.83655, 2.07356, -6.32224, -6.08655, 2.07356, -21.5722, -14.3366, 2.07356, -21.5722, -22.3366, 2.07356, -13.3222, -22.3366, 2.07356, -4.82224, -5.83655, 2.07356, -6.32224, -3.83655, 2.07356, -6.32224, -3.58655, 2.07356, -21.5722, -6.08655, 2.07356, -21.5722, 19.6634, 2.07356, 4.92776, 19.6634, 2.32356, 5.42776, 24.6634, 2.07356, 5.42776, 24.6634, 2.07356, -1.32224, -2.33655, 2.07356, -6.32224, -2.33655, 2.32356, -5.57224, 9.91345, 2.07356, 4.92776, 24.6634, 2.07356, -14.8222, 24.6634, 2.07356, -21.5722, 17.4134, 2.07356, -21.5722, 19.6634, 2.07356, 4.92776, 24.6634, 2.07356, -1.32224, 24.6634, 2.07356, -8.07224, -3.58655, 2.07356, -21.5722, -3.83655, 2.07356, -6.32224, -2.33655, 2.07356, -6.32224, 3.41345, 2.07356, -21.5722, 24.6634, 2.07356, -8.07224, 24.6634, 2.07356, -14.8222, 17.4134, 2.07356, -21.5722, 10.4134, 2.07356, -21.5722, 9.91345, 2.07356, 4.92776, 19.6634, 2.07356, 4.92776, 24.6634, 2.07356, -8.07224, 10.4134, 2.07356, -21.5722, 3.41345, 2.07356, -21.5722, -2.33655, 2.07356, -6.32224, -2.33655, 2.32356, -5.57224, -6.83655, 3.82356, -5.32224, -6.83655, 3.82356, 1.42776, -2.33655, 2.32356, 8.42776, 9.66345, 2.32356, 5.67776, 9.91345, 2.07356, 4.92776, -6.83655, 3.82356, 1.42776, -6.83655, 3.82356, 8.17776, -2.33655, 2.32356, 8.42776, -22.3366, 2.07356, 6.92776, -7.33655, 2.07356, 6.92776, -7.58655, 2.07356, -4.57224, -22.3366, 2.07356, -4.82224, 24.6634, 2.07356, 5.42776, 19.6634, 2.32356, 5.42776, 19.6634, 2.32356, 5.92776, 24.6634, 2.07356, 12.6778, 19.1634, 2.57356, 19.1778, 19.4134, 2.32356, 19.9278, 24.9134, 2.07356, 19.9278, 24.6634, 2.07356, 12.6778, 20.9085, 2.07356, 18.6747, 19.1634, 2.57356, 19.1778, 24.6634, 2.07356, 12.6778, 19.6634, 2.32356, 5.92776, 11.6634, 3.57356, 5.92776, 11.6634, 3.57356, 19.4278, 16.6634, 3.82356, 19.2611, 16.9968, 3.82356, 5.92776, 19.4285, 2.32356, 8.19671, 16.4335, 3.82356, 9.67967, 19.4136, 2.32356, 11.1676, 20.8989, 2.07356, 15.6983, 19.4239, 2.32356, 17.1532, 17.9286, 3.32356, 11.1566, 16.3887, 3.82356, 12.6725, 19.4038, 2.32356, 14.1714, 9.66345, 2.32356, 5.67776, -2.33655, 2.32356, 8.42776, -2.58655, 2.07356, 9.17776, 9.91345, 2.57356, 19.4278, 11.6634, 3.57356, 19.4278, 11.6634, 3.57356, 5.92776, 8.77708, 2.07356, 18.4959, -22.3366, 2.07356, 16.9278, -22.3366, 2.07356, 27.1778, -13.5866, 2.07356, 27.1778, -7.08655, 2.07356, 9.17776, -7.33655, 2.07356, 6.92776, -22.3366, 2.07356, 6.92776, -22.3366, 2.07356, 16.9278, -4.83655, 2.07356, 27.1778, -4.83655, 2.07356, 9.17776, -7.08655, 2.07356, 9.17776, -22.3366, 2.07356, 16.9278, -13.5866, 2.07356, 27.1778, 10.9134, 2.07356, 27.1778, 11.1634, 2.07356, 20.4278, 9.66345, 2.07356, 20.4278, 2.91345, 2.07356, 27.1778, 2.91345, 2.07356, 27.1778, 9.66345, 2.07356, 20.4278, 9.91345, 2.57356, 19.4278, -2.58655, 2.07356, 9.17776, -4.83655, 2.07356, 9.17776, -4.83655, 2.07356, 27.1778, 8.77708, 2.07356, 18.4959, 24.9134, 2.07356, 19.9278, 19.4134, 2.32356, 19.9278, 19.4134, 2.07356, 20.4278, 19.4134, 2.07356, 20.4278, 18.1634, 2.07356, 20.1778, 18.1634, 2.07356, 27.1778, 24.9134, 2.07356, 27.1778, 24.9134, 2.07356, 19.9278, 19.4134, 2.07356, 20.4278, 18.1634, 2.07356, 27.1778, 11.1634, 2.07356, 20.4278, 10.9134, 2.07356, 27.1778, 18.1634, 2.07356, 27.1778, 18.1634, 2.07356, 20.1778)
polygons = [PackedInt32Array(2, 1, 0), PackedInt32Array(6, 5, 3), PackedInt32Array(3, 5, 4), PackedInt32Array(10, 9, 7), PackedInt32Array(7, 9, 8), PackedInt32Array(14, 13, 11), PackedInt32Array(11, 13, 12), PackedInt32Array(16, 15, 17), PackedInt32Array(17, 15, 18), PackedInt32Array(22, 21, 19), PackedInt32Array(19, 21, 20), PackedInt32Array(27, 26, 23), PackedInt32Array(23, 26, 25), PackedInt32Array(23, 25, 24), PackedInt32Array(29, 28, 30), PackedInt32Array(30, 28, 31), PackedInt32Array(35, 34, 32), PackedInt32Array(32, 34, 33), PackedInt32Array(39, 38, 36), PackedInt32Array(36, 38, 37), PackedInt32Array(42, 41, 40), PackedInt32Array(44, 43, 45), PackedInt32Array(45, 43, 46), PackedInt32Array(50, 49, 47), PackedInt32Array(47, 49, 48), PackedInt32Array(54, 53, 51), PackedInt32Array(51, 53, 52), PackedInt32Array(58, 57, 55), PackedInt32Array(55, 57, 56), PackedInt32Array(62, 61, 59), PackedInt32Array(59, 61, 60), PackedInt32Array(65, 64, 63), PackedInt32Array(66, 68, 67), PackedInt32Array(72, 71, 69), PackedInt32Array(69, 71, 70), PackedInt32Array(74, 73, 75), PackedInt32Array(75, 73, 76), PackedInt32Array(80, 79, 77), PackedInt32Array(77, 79, 78), PackedInt32Array(83, 82, 81), PackedInt32Array(87, 86, 84), PackedInt32Array(84, 86, 85), PackedInt32Array(91, 90, 88), PackedInt32Array(88, 90, 89), PackedInt32Array(95, 94, 92), PackedInt32Array(92, 94, 93), PackedInt32Array(97, 96, 98), PackedInt32Array(98, 96, 99), PackedInt32Array(101, 100, 102), PackedInt32Array(102, 100, 103), PackedInt32Array(107, 106, 104), PackedInt32Array(104, 106, 105), PackedInt32Array(109, 108, 110), PackedInt32Array(110, 108, 111), PackedInt32Array(115, 114, 112), PackedInt32Array(112, 114, 113), PackedInt32Array(118, 117, 116), PackedInt32Array(121, 120, 119), PackedInt32Array(123, 122, 124), PackedInt32Array(124, 122, 125), PackedInt32Array(125, 122, 126), PackedInt32Array(126, 122, 127), PackedInt32Array(128, 131, 129), PackedInt32Array(129, 131, 130), PackedInt32Array(133, 132, 134), PackedInt32Array(134, 132, 135), PackedInt32Array(138, 137, 136), PackedInt32Array(141, 140, 139), PackedInt32Array(144, 143, 142), PackedInt32Array(146, 145, 147), PackedInt32Array(147, 145, 148), PackedInt32Array(150, 149, 151), PackedInt32Array(151, 149, 152), PackedInt32Array(157, 156, 158), PackedInt32Array(158, 156, 153), PackedInt32Array(153, 156, 154), PackedInt32Array(154, 156, 155), PackedInt32Array(160, 159, 161), PackedInt32Array(161, 159, 162), PackedInt32Array(162, 159, 163), PackedInt32Array(163, 159, 164), PackedInt32Array(167, 166, 165), PackedInt32Array(171, 170, 168), PackedInt32Array(168, 170, 169), PackedInt32Array(173, 172, 174), PackedInt32Array(174, 172, 175), PackedInt32Array(178, 180, 179), PackedInt32Array(179, 180, 176), PackedInt32Array(176, 180, 177), PackedInt32Array(177, 180, 178), PackedInt32Array(184, 194, 185), PackedInt32Array(185, 194, 186), PackedInt32Array(186, 192, 181), PackedInt32Array(181, 191, 182), PackedInt32Array(182, 188, 183), PackedInt32Array(183, 188, 187), PackedInt32Array(187, 189, 184), PackedInt32Array(184, 189, 194), PackedInt32Array(194, 192, 186), PackedInt32Array(192, 191, 181), PackedInt32Array(191, 195, 182), PackedInt32Array(182, 190, 188), PackedInt32Array(188, 189, 187), PackedInt32Array(189, 193, 194), PackedInt32Array(194, 195, 192), PackedInt32Array(192, 195, 191), PackedInt32Array(195, 190, 182), PackedInt32Array(190, 193, 188), PackedInt32Array(188, 193, 189), PackedInt32Array(193, 195, 194), PackedInt32Array(195, 193, 190), PackedInt32Array(199, 202, 200), PackedInt32Array(200, 202, 201), PackedInt32Array(201, 202, 196), PackedInt32Array(196, 202, 197), PackedInt32Array(197, 202, 198), PackedInt32Array(205, 204, 203), PackedInt32Array(207, 206, 208), PackedInt32Array(208, 206, 209), PackedInt32Array(211, 210, 212), PackedInt32Array(212, 210, 214), PackedInt32Array(212, 214, 213), PackedInt32Array(216, 215, 217), PackedInt32Array(217, 215, 218), PackedInt32Array(221, 220, 225), PackedInt32Array(225, 220, 219), PackedInt32Array(225, 219, 224), PackedInt32Array(225, 224, 222), PackedInt32Array(222, 224, 223), PackedInt32Array(228, 227, 226), PackedInt32Array(231, 230, 229), PackedInt32Array(233, 232, 234), PackedInt32Array(234, 232, 235), PackedInt32Array(239, 238, 236), PackedInt32Array(236, 238, 237)]

[node name="NavigationRegion3D" type="NavigationRegion3D"]
navigation_mesh = SubResource("NavigationMesh_yee80")

[node name="DirectionalLight3D" type="DirectionalLight3D" parent="."]
transform = Transform3D(0.998819, 0.0194639, 0.0445193, -0.0467522, 0.634491, 0.771515, -0.0132304, -0.772685, 0.634652, -0.531392, 8.38026, -2.80088)
layers = 0
shadow_enabled = true

[node name="colliders" type="Node3D" parent="."]

[node name="CSGBox3D" type="CSGBox3D" parent="colliders"]
transform = Transform3D(1, 0, 0, 0, 1, 0, 0, 0, 1, 1.21105, 0.573563, 2.89924)
material_override = ExtResource("3_862a5")
use_collision = true
size = Vector3(50, 2, 50)

[node name="CSGBox3D1" type="CSGBox3D" parent="colliders"]
transform = Transform3D(1, 0, 0, 0, 1, 0, 0, 0, 1, 1.31349, 2.97282, -22.5958)
use_collision = true
size = Vector3(49.873, 3, 1)
material = ExtResource("3_862a5")

[node name="CSGBox3D2" type="CSGBox3D" parent="colliders"]
transform = Transform3D(1, 0, 0, 0, 1, 0, 0, 0, 1, 1.31349, 2.97282, 28.4035)
use_collision = true
size = Vector3(49.873, 3, 1)
material = ExtResource("3_862a5")

[node name="CSGBox3D3" type="CSGBox3D" parent="colliders"]
transform = Transform3D(-0.00308923, 0, 0.999995, 0, 1, 0, -0.999995, 0, -0.00308923, 25.873, 2.97282, 2.67917)
use_collision = true
size = Vector3(55, 3, 1)
material = ExtResource("3_862a5")

[node name="CSGBox3D4" type="CSGBox3D" parent="colliders"]
transform = Transform3D(-0.00308923, 0, 0.999995, 0, 1, 0, -0.999995, 0, -0.00308923, -23.5016, 2.97282, 2.67917)
use_collision = true
size = Vector3(55, 3, 1)
material = ExtResource("3_862a5")

[node name="CSGBox3D5" type="CSGBox3D" parent="colliders"]
transform = Transform3D(-0.843984, -0.536342, -0.0052146, -0.536332, 0.844001, -0.00331375, 0.00617843, -3.16889e-10, -0.99998, 10.3494, 1.99632, 12.6527)
use_collision = true
size = Vector3(4.60107, 0.502591, 14.107)
material = ExtResource("3_862a5")

[node name="CSGBox3D7" type="CSGBox3D" parent="colliders"]
transform = Transform3D(0.849607, 0.527317, -0.0102242, -0.527376, 0.849622, -0.004133, 0.00650729, 0.00890342, 0.999939, 18.6499, 2.07674, 12.6643)
use_collision = true
size = Vector3(4.60107, 0.502591, 14.0192)
material = ExtResource("3_862a5")

[node name="CSGBox3D6" type="CSGBox3D" parent="colliders"]
transform = Transform3D(-0.999963, -0.00595152, -0.00617832, -0.0059514, 0.999982, -3.67712e-05, 0.00617843, 0, -0.99998, 14.4541, 3.1768, 12.6251)
use_collision = true
size = Vector3(4.60107, 0.502591, 14.107)
material = ExtResource("3_862a5")

[node name="Stairs" type="Node3D" parent="colliders"]

[node name="CSGBox3D8" type="CSGBox3D" parent="colliders/Stairs"]
transform = Transform3D(-0.999963, -0.00595152, -0.00617832, -0.0059514, 0.999982, -3.67712e-05, 0.00617843, 0, -0.99998, -1.42272, 1.61775, 1.38929)
use_collision = true
size = Vector3(0.392448, 0.135761, 14.107)
material = ExtResource("3_862a5")

[node name="CSGBox3D9" type="CSGBox3D" parent="colliders/Stairs"]
transform = Transform3D(-0.999963, -0.00595152, -0.00617832, -0.0059514, 0.999982, -3.67712e-05, 0.00617843, 0, -0.99998, -1.80449, 1.74329, 1.38929)
use_collision = true
size = Vector3(0.392448, 0.135761, 14.107)
material = ExtResource("3_862a5")

[node name="CSGBox3D10" type="CSGBox3D" parent="colliders/Stairs"]
transform = Transform3D(-0.999963, -0.00595152, -0.00617832, -0.0059514, 0.999982, -3.67712e-05, 0.00617843, 0, -0.99998, -2.17758, 1.87023, 1.38929)
use_collision = true
size = Vector3(0.392448, 0.135761, 14.107)
material = ExtResource("3_862a5")

[node name="@CSGBox3D10@19582" type="CSGBox3D" parent="colliders/Stairs"]
transform = Transform3D(-0.999963, -0.00595152, -0.00617832, -0.0059514, 0.999982, -3.67712e-05, 0.00617843, 0, -0.99998, -2.55936, 1.99577, 1.38929)
use_collision = true
size = Vector3(0.392448, 0.135761, 14.107)
material = ExtResource("3_862a5")

[node name="CSGBox3D11" type="CSGBox3D" parent="colliders/Stairs"]
transform = Transform3D(-0.999963, -0.00595152, -0.00617832, -0.0059514, 0.999982, -3.67712e-05, 0.00617843, 0, -0.99998, -2.8971, 2.11789, 1.38929)
use_collision = true
size = Vector3(0.392448, 0.135761, 14.107)
material = ExtResource("3_862a5")

[node name="@CSGBox3D11@20746" type="CSGBox3D" parent="colliders/Stairs"]
transform = Transform3D(-0.999963, -0.00595152, -0.00617832, -0.0059514, 0.999982, -3.67712e-05, 0.00617843, 0, -0.99998, -3.27887, 2.24343, 1.38929)
use_collision = true
size = Vector3(0.392448, 0.135761, 14.107)
material = ExtResource("3_862a5")

[node name="@CSGBox3D11@20747" type="CSGBox3D" parent="colliders/Stairs"]
transform = Transform3D(-0.999963, -0.00595152, -0.00617832, -0.0059514, 0.999982, -3.67712e-05, 0.00617843, 0, -0.99998, -3.65196, 2.37037, 1.38929)
use_collision = true
size = Vector3(0.392448, 0.135761, 14.107)
material = ExtResource("3_862a5")

[node name="CSGBox3D1019582" type="CSGBox3D" parent="colliders/Stairs"]
transform = Transform3D(-0.999963, -0.00595152, -0.00617832, -0.0059514, 0.999982, -3.67712e-05, 0.00617843, 0, -0.99998, -4.03373, 2.49591, 1.38929)
use_collision = true
size = Vector3(0.392448, 0.135761, 14.107)
material = ExtResource("3_862a5")

[node name="CSGBox3D12" type="CSGBox3D" parent="colliders/Stairs"]
transform = Transform3D(-0.999963, -0.00595152, -0.00617832, -0.0059514, 0.999982, -3.67712e-05, 0.00617843, 0, -0.99998, -4.41911, 2.62279, 1.38929)
use_collision = true
size = Vector3(0.392448, 0.135761, 14.107)
material = ExtResource("3_862a5")

[node name="@CSGBox3D12@21676" type="CSGBox3D" parent="colliders/Stairs"]
transform = Transform3D(-0.999963, -0.00595152, -0.00617832, -0.0059514, 0.999982, -3.67712e-05, 0.00617843, 0, -0.99998, -4.80088, 2.74833, 1.38929)
use_collision = true
size = Vector3(0.392448, 0.135761, 14.107)
material = ExtResource("3_862a5")

[node name="@CSGBox3D12@21677" type="CSGBox3D" parent="colliders/Stairs"]
transform = Transform3D(-0.999963, -0.00595152, -0.00617832, -0.0059514, 0.999982, -3.67712e-05, 0.00617843, 0, -0.99998, -5.17397, 2.87527, 1.38929)
use_collision = true
size = Vector3(0.392448, 0.135761, 14.107)
material = ExtResource("3_862a5")

[node name="CSGBox3D1019583" type="CSGBox3D" parent="colliders/Stairs"]
transform = Transform3D(-0.999963, -0.00595152, -0.00617832, -0.0059514, 0.999982, -3.67712e-05, 0.00617843, 0, -0.99998, -5.55574, 3.00081, 1.38929)
use_collision = true
size = Vector3(0.392448, 0.135761, 14.107)
material = ExtResource("3_862a5")

[node name="@CSGBox3D12@21678" type="CSGBox3D" parent="colliders/Stairs"]
transform = Transform3D(-0.999963, -0.00595152, -0.00617832, -0.0059514, 0.999982, -3.67712e-05, 0.00617843, 0, -0.99998, -5.89349, 3.12293, 1.38929)
use_collision = true
size = Vector3(0.392448, 0.135761, 14.107)
material = ExtResource("3_862a5")

[node name="CSGBox3D1120746" type="CSGBox3D" parent="colliders/Stairs"]
transform = Transform3D(-0.999963, -0.00595152, -0.00617832, -0.0059514, 0.999982, -3.67712e-05, 0.00617843, 0, -0.99998, -6.27526, 3.24847, 1.38929)
use_collision = true
size = Vector3(0.392448, 0.135761, 14.107)
material = ExtResource("3_862a5")

[node name="CSGBox3D1120747" type="CSGBox3D" parent="colliders/Stairs"]
transform = Transform3D(-0.999963, -0.00595152, -0.00617832, -0.0059514, 0.999982, -3.67712e-05, 0.00617843, 0, -0.99998, -6.64835, 3.37541, 1.38929)
use_collision = true
size = Vector3(0.392448, 0.135761, 14.107)
material = ExtResource("3_862a5")

[node name="@CSGBox3D1019583@21679" type="CSGBox3D" parent="colliders/Stairs"]
transform = Transform3D(-0.999963, -0.00595152, -0.00617832, -0.0059514, 0.999982, -3.67712e-05, 0.00617843, 0, -0.99998, -7.03012, 3.50095, 1.38929)
use_collision = true
size = Vector3(0.392448, 0.135761, 14.107)
material = ExtResource("3_862a5")
