[gd_scene load_steps=3 format=3 uid="uid://cy7bqh5ukf3fo"]

[ext_resource type="Material" uid="uid://bf6te7t23qtp3" path="res://assets/materials/GridMat.tres" id="3_862a5"]

[sub_resource type="NavigationMesh" id="NavigationMesh_yd111"]
vertices = PackedVector3Array(-23.4866, 4.82356, -22.8722, -23.4866, 4.82356, -22.2722, -23.1866, 4.82356, -22.4222, 25.4135, 4.82356, -22.7222, 25.7135, 4.82356, -22.2722, 25.7135, 4.82356, -22.8722, 19.4134, 2.32356, 6.22776, 17.3134, 3.82356, 6.22776, 17.0135, 3.82356, 6.67776, 19.2635, 2.32356, 19.1278, 16.5634, 3.82356, 6.67776, 16.1134, 3.82356, 6.07776, 9.81345, 2.32356, 6.07776, -2.18655, 2.07356, 8.77777, -2.48655, 2.07356, 9.07776, 8.77027, 2.07356, 7.65958, 12.2339, 3.82356, 7.22322, 12.5135, 3.82356, 6.07776, -2.48655, 2.32356, -5.17224, -6.68655, 3.82356, -5.17224, -6.68655, 3.82356, 1.27776, -6.68655, 3.82356, 1.27776, -6.68655, 3.82356, 7.87776, -2.48655, 2.32356, 7.87776, -2.48655, 2.32356, -5.17224, 9.81345, 2.07356, 20.3278, 9.51345, 2.32356, 19.4278, 1.26345, 2.07356, 27.2278, 9.81345, 2.07356, 20.3278, 1.26345, 2.07356, 27.2278, 12.9635, 2.07356, 27.2278, 19.2635, 2.07356, 20.3278, 9.81345, 2.07356, 20.3278, 12.9635, 2.07356, 27.2278, 24.8134, 2.07356, 27.2278, 24.8134, 2.07356, 21.0778, 24.6635, 2.07356, 2.92776, 19.7135, 2.32356, 5.92776, 19.4134, 2.32356, 6.22776, 19.2635, 2.32356, 19.1278, 24.6635, 2.07356, 8.92776, 24.6635, 2.07356, 2.92776, 24.6635, 2.07356, -3.22224, 19.4134, 2.07356, 5.02776, 19.7135, 2.32356, 5.92776, 19.5634, 2.07356, 20.0278, 19.2635, 2.07356, 20.3278, 24.8134, 2.07356, 21.0778, 19.2635, 2.32356, 19.1278, 19.5634, 2.07356, 20.0278, 24.8134, 2.07356, 21.0778, 24.6635, 2.07356, 15.0778, -2.48655, 2.07356, -6.37224, -2.18655, 2.07356, -6.07224, 9.81345, 2.07356, 4.87776, 19.2635, 2.32356, 19.1278, 24.6635, 2.07356, 15.0778, 24.6635, 2.07356, 8.92776, 1.26345, 2.07356, 27.2278, 9.51345, 2.32356, 19.4278, 9.81345, 2.32356, 19.1278, -22.4366, 2.07356, -15.3722, -22.4366, 2.07356, -9.22224, -22.2866, 2.07356, -3.37224, -2.48655, 2.32356, 7.87776, -2.18655, 2.07356, 8.77777, 9.51345, 2.07356, 5.17776, 9.81345, 2.07356, 4.87776, -2.18655, 2.07356, -6.07224, -2.48655, 2.32356, -5.17224, 9.81345, 2.32356, 6.07776, 9.51345, 2.07356, 5.17776, -2.18655, 2.07356, 8.77777, 1.11345, 2.07356, -21.3722, -10.7366, 2.07356, -21.3722, -7.13655, 2.07356, -6.37224, -2.48655, 2.07356, -6.37224, -22.2866, 2.07356, 14.9278, -22.2866, 2.07356, 21.0778, -10.5866, 2.07356, 27.2278, 24.6635, 2.07356, -9.22224, 24.6635, 2.07356, -15.3722, 12.8134, 2.07356, -21.3722, -10.7366, 2.07356, -21.3722, -22.4366, 2.07356, -21.3722, -22.4366, 2.07356, -15.3722, -22.2866, 2.07356, -3.37224, -7.58655, 2.07356, -5.92224, -7.13655, 2.07356, -6.37224, -22.2866, 2.07356, 21.0778, -22.2866, 2.07356, 27.2278, -10.5866, 2.07356, 27.2278, 24.6635, 2.07356, -15.3722, 24.6635, 2.07356, -21.3722, 12.8134, 2.07356, -21.3722, -6.98655, 2.07356, 9.07776, -22.2866, 2.07356, 14.9278, -10.5866, 2.07356, 27.2278, 1.26345, 2.07356, 27.2278, 9.81345, 2.32356, 19.1278, -2.48655, 2.07356, 9.07776, 9.81345, 2.07356, 4.87776, 19.4134, 2.07356, 5.02776, 24.6635, 2.07356, -9.22224, 12.8134, 2.07356, -21.3722, 1.11345, 2.07356, -21.3722, -2.48655, 2.07356, -6.37224, -7.58655, 2.07356, 1.42776, -7.58655, 2.07356, -5.92224, -22.2866, 2.07356, -3.37224, -22.2866, 2.07356, 2.77776, 19.4134, 2.07356, 5.02776, 24.6635, 2.07356, -3.22224, 24.6635, 2.07356, -9.22224, -7.43655, 2.07356, 8.62776, -7.58655, 2.07356, 1.42776, -22.2866, 2.07356, 2.77776, -22.2866, 2.07356, 8.77777, 9.81345, 2.32356, 19.1278, 19.2635, 2.32356, 19.1278, 17.0135, 3.82356, 6.67776, 16.5634, 3.82356, 6.67776, -2.48655, 2.07356, 9.07776, 12.3907, 3.82356, 19.1278, 16.6862, 3.82356, 19.1278, 12.2339, 3.82356, 7.22322, 8.77027, 2.07356, 7.65958, 12.826, 3.82356, 12.0904, 16.4264, 3.82356, 15.6659, 11.9052, 3.82356, 13.8715, 11.8989, 3.82356, 11.1683, 10.1197, 2.57356, 10.263, 9.19874, 2.07356, 10.2865, -6.98655, 2.07356, 9.07776, -7.43655, 2.07356, 8.62776, -22.2866, 2.07356, 8.77777, -22.2866, 2.07356, 14.9278, -23.3366, 4.82356, 28.1278, -23.3366, 4.82356, 28.7278, -23.0366, 4.82356, 28.5778, 25.5634, 4.82356, 28.2778, 25.8634, 4.82356, 28.7278, 25.8634, 4.82356, 28.1278)
polygons = [PackedInt32Array(2, 1, 0), PackedInt32Array(4, 3, 5), PackedInt32Array(7, 6, 8), PackedInt32Array(8, 6, 9), PackedInt32Array(11, 10, 17), PackedInt32Array(17, 10, 16), PackedInt32Array(17, 16, 12), PackedInt32Array(12, 16, 15), PackedInt32Array(12, 15, 13), PackedInt32Array(13, 15, 14), PackedInt32Array(20, 19, 18), PackedInt32Array(22, 21, 23), PackedInt32Array(23, 21, 24), PackedInt32Array(27, 26, 25), PackedInt32Array(28, 30, 29), PackedInt32Array(35, 34, 31), PackedInt32Array(31, 34, 33), PackedInt32Array(31, 33, 32), PackedInt32Array(37, 36, 38), PackedInt32Array(38, 36, 40), PackedInt32Array(38, 40, 39), PackedInt32Array(44, 43, 41), PackedInt32Array(41, 43, 42), PackedInt32Array(47, 46, 45), PackedInt32Array(49, 48, 50), PackedInt32Array(50, 48, 51), PackedInt32Array(54, 53, 52), PackedInt32Array(57, 56, 55), PackedInt32Array(60, 59, 58), PackedInt32Array(63, 62, 61), PackedInt32Array(66, 65, 67), PackedInt32Array(67, 65, 64), PackedInt32Array(67, 64, 69), PackedInt32Array(67, 69, 68), PackedInt32Array(72, 71, 70), PackedInt32Array(76, 75, 73), PackedInt32Array(73, 75, 74), PackedInt32Array(79, 78, 77), PackedInt32Array(82, 81, 80), PackedInt32Array(84, 83, 85), PackedInt32Array(85, 83, 88), PackedInt32Array(85, 88, 87), PackedInt32Array(85, 87, 86), PackedInt32Array(91, 90, 89), PackedInt32Array(94, 93, 92), PackedInt32Array(100, 99, 95), PackedInt32Array(95, 99, 98), PackedInt32Array(95, 98, 97), PackedInt32Array(95, 97, 96), PackedInt32Array(102, 101, 103), PackedInt32Array(103, 101, 104), PackedInt32Array(104, 101, 106), PackedInt32Array(104, 106, 105), PackedInt32Array(110, 109, 107), PackedInt32Array(107, 109, 108), PackedInt32Array(113, 112, 111), PackedInt32Array(117, 116, 114), PackedInt32Array(114, 116, 115), PackedInt32Array(126, 132, 122), PackedInt32Array(122, 132, 118), PackedInt32Array(118, 129, 123), PackedInt32Array(123, 128, 124), PackedInt32Array(124, 128, 119), PackedInt32Array(119, 128, 120), PackedInt32Array(120, 127, 121), PackedInt32Array(121, 127, 125), PackedInt32Array(125, 131, 126), PackedInt32Array(126, 131, 132), PackedInt32Array(132, 129, 118), PackedInt32Array(129, 128, 123), PackedInt32Array(128, 127, 120), PackedInt32Array(127, 130, 125), PackedInt32Array(125, 130, 131), PackedInt32Array(131, 129, 132), PackedInt32Array(129, 127, 128), PackedInt32Array(127, 129, 130), PackedInt32Array(130, 129, 131), PackedInt32Array(134, 133, 135), PackedInt32Array(135, 133, 136), PackedInt32Array(139, 138, 137), PackedInt32Array(142, 141, 140)]
sample_partition_type = 2
cell_size = 0.15

[node name="NavigationRegion3D" type="NavigationRegion3D"]
navigation_mesh = SubResource("NavigationMesh_yd111")
use_edge_connections = false

[node name="DirectionalLight3D" type="DirectionalLight3D" parent="."]
transform = Transform3D(0.998819, 0.0194639, 0.0445193, -0.0467522, 0.634491, 0.771515, -0.0132304, -0.772685, 0.634652, -0.531392, 8.38026, -2.80088)
layers = 0
shadow_enabled = true

[node name="colliders" type="Node3D" parent="."]

[node name="CSGBox3D" type="CSGBox3D" parent="colliders"]
transform = Transform3D(1, 0, 0, 0, 1, 0, 0, 0, 1, 1.21105, 0.573563, 2.89924)
use_collision = true
size = Vector3(50, 2, 50)
material = ExtResource("3_862a5")

[node name="CSGBox3D1" type="CSGBox3D" parent="colliders"]
transform = Transform3D(1, 0, 0, 0, 1, 0, 0, 0, 1, 1.31349, 2.97282, -22.5958)
use_collision = true
size = Vector3(49.873, 3, 1)
material = ExtResource("3_862a5")

[node name="CSGBox3D2" type="CSGBox3D" parent="colliders"]
transform = Transform3D(1, 0, 0, 0, 1, 0, 0, 0, 1, 1.31349, 2.97282, 28.4035)
use_collision = true
size = Vector3(49.873, 3, 1)
material = ExtResource("3_862a5")

[node name="CSGBox3D3" type="CSGBox3D" parent="colliders"]
transform = Transform3D(-0.00308923, 0, 0.999995, 0, 1, 0, -0.999995, 0, -0.00308923, 25.873, 2.97282, 2.67917)
use_collision = true
size = Vector3(55, 3, 1)
material = ExtResource("3_862a5")

[node name="CSGBox3D4" type="CSGBox3D" parent="colliders"]
transform = Transform3D(-0.00308923, 0, 0.999995, 0, 1, 0, -0.999995, 0, -0.00308923, -23.5016, 2.97282, 2.67917)
use_collision = true
size = Vector3(55, 3, 1)
material = ExtResource("3_862a5")

[node name="CSGBox3D5" type="CSGBox3D" parent="colliders"]
transform = Transform3D(-0.843984, -0.536342, -0.0052146, -0.536332, 0.844001, -0.00331375, 0.00617843, -3.16889e-10, -0.99998, 10.3494, 1.99632, 12.6527)
use_collision = true
size = Vector3(4.60107, 0.502591, 14.107)
material = ExtResource("3_862a5")

[node name="CSGBox3D7" type="CSGBox3D" parent="colliders"]
transform = Transform3D(0.849607, 0.527317, -0.0102242, -0.527376, 0.849622, -0.004133, 0.00650729, 0.00890342, 0.999939, 18.6499, 2.07674, 12.6643)
use_collision = true
size = Vector3(4.60107, 0.502591, 14.0192)
material = ExtResource("3_862a5")

[node name="CSGBox3D6" type="CSGBox3D" parent="colliders"]
transform = Transform3D(-0.999963, -0.00595152, -0.00617832, -0.0059514, 0.999982, -3.67712e-05, 0.00617843, 0, -0.99998, 14.4541, 3.1768, 12.6251)
use_collision = true
size = Vector3(4.60107, 0.502591, 14.107)
material = ExtResource("3_862a5")

[node name="Stairs" type="Node3D" parent="colliders"]

[node name="CSGBox3D8" type="CSGBox3D" parent="colliders/Stairs"]
transform = Transform3D(-0.999963, -0.00595152, -0.00617832, -0.0059514, 0.999982, -3.67712e-05, 0.00617843, 0, -0.99998, -1.42272, 1.61775, 1.38929)
use_collision = true
size = Vector3(0.392448, 0.135761, 14.107)
material = ExtResource("3_862a5")

[node name="CSGBox3D9" type="CSGBox3D" parent="colliders/Stairs"]
transform = Transform3D(-0.999963, -0.00595152, -0.00617832, -0.0059514, 0.999982, -3.67712e-05, 0.00617843, 0, -0.99998, -1.80449, 1.74329, 1.38929)
use_collision = true
size = Vector3(0.392448, 0.135761, 14.107)
material = ExtResource("3_862a5")

[node name="CSGBox3D10" type="CSGBox3D" parent="colliders/Stairs"]
transform = Transform3D(-0.999963, -0.00595152, -0.00617832, -0.0059514, 0.999982, -3.67712e-05, 0.00617843, 0, -0.99998, -2.17758, 1.87023, 1.38929)
use_collision = true
size = Vector3(0.392448, 0.135761, 14.107)
material = ExtResource("3_862a5")

[node name="@CSGBox3D10@19582" type="CSGBox3D" parent="colliders/Stairs"]
transform = Transform3D(-0.999963, -0.00595152, -0.00617832, -0.0059514, 0.999982, -3.67712e-05, 0.00617843, 0, -0.99998, -2.55936, 1.99577, 1.38929)
use_collision = true
size = Vector3(0.392448, 0.135761, 14.107)
material = ExtResource("3_862a5")

[node name="CSGBox3D11" type="CSGBox3D" parent="colliders/Stairs"]
transform = Transform3D(-0.999963, -0.00595152, -0.00617832, -0.0059514, 0.999982, -3.67712e-05, 0.00617843, 0, -0.99998, -2.8971, 2.11789, 1.38929)
use_collision = true
size = Vector3(0.392448, 0.135761, 14.107)
material = ExtResource("3_862a5")

[node name="@CSGBox3D11@20746" type="CSGBox3D" parent="colliders/Stairs"]
transform = Transform3D(-0.999963, -0.00595152, -0.00617832, -0.0059514, 0.999982, -3.67712e-05, 0.00617843, 0, -0.99998, -3.27887, 2.24343, 1.38929)
use_collision = true
size = Vector3(0.392448, 0.135761, 14.107)
material = ExtResource("3_862a5")

[node name="@CSGBox3D11@20747" type="CSGBox3D" parent="colliders/Stairs"]
transform = Transform3D(-0.999963, -0.00595152, -0.00617832, -0.0059514, 0.999982, -3.67712e-05, 0.00617843, 0, -0.99998, -3.65196, 2.37037, 1.38929)
use_collision = true
size = Vector3(0.392448, 0.135761, 14.107)
material = ExtResource("3_862a5")

[node name="CSGBox3D1019582" type="CSGBox3D" parent="colliders/Stairs"]
transform = Transform3D(-0.999963, -0.00595152, -0.00617832, -0.0059514, 0.999982, -3.67712e-05, 0.00617843, 0, -0.99998, -4.03373, 2.49591, 1.38929)
use_collision = true
size = Vector3(0.392448, 0.135761, 14.107)
material = ExtResource("3_862a5")

[node name="CSGBox3D12" type="CSGBox3D" parent="colliders/Stairs"]
transform = Transform3D(-0.999963, -0.00595152, -0.00617832, -0.0059514, 0.999982, -3.67712e-05, 0.00617843, 0, -0.99998, -4.41911, 2.62279, 1.38929)
use_collision = true
size = Vector3(0.392448, 0.135761, 14.107)
material = ExtResource("3_862a5")

[node name="@CSGBox3D12@21676" type="CSGBox3D" parent="colliders/Stairs"]
transform = Transform3D(-0.999963, -0.00595152, -0.00617832, -0.0059514, 0.999982, -3.67712e-05, 0.00617843, 0, -0.99998, -4.80088, 2.74833, 1.38929)
use_collision = true
size = Vector3(0.392448, 0.135761, 14.107)
material = ExtResource("3_862a5")

[node name="@CSGBox3D12@21677" type="CSGBox3D" parent="colliders/Stairs"]
transform = Transform3D(-0.999963, -0.00595152, -0.00617832, -0.0059514, 0.999982, -3.67712e-05, 0.00617843, 0, -0.99998, -5.17397, 2.87527, 1.38929)
use_collision = true
size = Vector3(0.392448, 0.135761, 14.107)
material = ExtResource("3_862a5")

[node name="CSGBox3D1019583" type="CSGBox3D" parent="colliders/Stairs"]
transform = Transform3D(-0.999963, -0.00595152, -0.00617832, -0.0059514, 0.999982, -3.67712e-05, 0.00617843, 0, -0.99998, -5.55574, 3.00081, 1.38929)
use_collision = true
size = Vector3(0.392448, 0.135761, 14.107)
material = ExtResource("3_862a5")

[node name="@CSGBox3D12@21678" type="CSGBox3D" parent="colliders/Stairs"]
transform = Transform3D(-0.999963, -0.00595152, -0.00617832, -0.0059514, 0.999982, -3.67712e-05, 0.00617843, 0, -0.99998, -5.89349, 3.12293, 1.38929)
use_collision = true
size = Vector3(0.392448, 0.135761, 14.107)
material = ExtResource("3_862a5")

[node name="CSGBox3D1120746" type="CSGBox3D" parent="colliders/Stairs"]
transform = Transform3D(-0.999963, -0.00595152, -0.00617832, -0.0059514, 0.999982, -3.67712e-05, 0.00617843, 0, -0.99998, -6.27526, 3.24847, 1.38929)
use_collision = true
size = Vector3(0.392448, 0.135761, 14.107)
material = ExtResource("3_862a5")

[node name="CSGBox3D1120747" type="CSGBox3D" parent="colliders/Stairs"]
transform = Transform3D(-0.999963, -0.00595152, -0.00617832, -0.0059514, 0.999982, -3.67712e-05, 0.00617843, 0, -0.99998, -6.64835, 3.37541, 1.38929)
use_collision = true
size = Vector3(0.392448, 0.135761, 14.107)
material = ExtResource("3_862a5")

[node name="@CSGBox3D1019583@21679" type="CSGBox3D" parent="colliders/Stairs"]
transform = Transform3D(-0.999963, -0.00595152, -0.00617832, -0.0059514, 0.999982, -3.67712e-05, 0.00617843, 0, -0.99998, -7.03012, 3.50095, 1.38929)
use_collision = true
size = Vector3(0.392448, 0.135761, 14.107)
material = ExtResource("3_862a5")

[node name="CSGBox3D8" type="CSGBox3D" parent="colliders"]
transform = Transform3D(-4.37114e-08, 0, -1, -0.258819, 0.965926, 1.13133e-08, 0.965926, 0.258819, -4.2222e-08, 1.31349, -3.41626, 1.17963)
use_collision = true
size = Vector3(49.873, 3, 1)
material = ExtResource("3_862a5")
