[gd_scene load_steps=3 format=3 uid="uid://cy7bqh5ukf3fo"]

[ext_resource type="NavigationMesh" uid="uid://5k3a1qfjbtk3" path="res://assets/maps/TestMapNavMesh.tres" id="2_kvd0a"]
[ext_resource type="Material" uid="uid://bf6te7t23qtp3" path="res://assets/materials/GridMat.tres" id="3_862a5"]

[node name="NavigationRegion3D" type="NavigationRegion3D"]
navigation_mesh = ExtResource("2_kvd0a")

[node name="DirectionalLight3D" type="DirectionalLight3D" parent="."]
transform = Transform3D(0.998819, 0.0194639, 0.0445193, -0.0467522, 0.634491, 0.771515, -0.0132304, -0.772685, 0.634652, -0.531392, 8.38026, -2.80088)
layers = 0
shadow_enabled = true

[node name="colliders" type="Node3D" parent="."]

[node name="CSGBox3D" type="CSGBox3D" parent="colliders"]
transform = Transform3D(1, 0, 0, 0, 1, 0, 0, 0, 1, 1.21105, 0.573563, 2.89924)
material_override = ExtResource("3_862a5")
use_collision = true
size = Vector3(50, 2, 50)

[node name="CSGBox3D1" type="CSGBox3D" parent="colliders"]
transform = Transform3D(1, 0, 0, 0, 1, 0, 0, 0, 1, 1.31349, 2.97282, -22.5958)
use_collision = true
size = Vector3(49.873, 3, 1)
material = ExtResource("3_862a5")

[node name="CSGBox3D2" type="CSGBox3D" parent="colliders"]
transform = Transform3D(1, 0, 0, 0, 1, 0, 0, 0, 1, 1.31349, 2.97282, 28.4035)
use_collision = true
size = Vector3(49.873, 3, 1)
material = ExtResource("3_862a5")

[node name="CSGBox3D3" type="CSGBox3D" parent="colliders"]
transform = Transform3D(-0.00308923, 0, 0.999995, 0, 1, 0, -0.999995, 0, -0.00308923, 25.873, 2.97282, 2.67917)
use_collision = true
size = Vector3(55, 3, 1)
material = ExtResource("3_862a5")

[node name="CSGBox3D4" type="CSGBox3D" parent="colliders"]
transform = Transform3D(-0.00308923, 0, 0.999995, 0, 1, 0, -0.999995, 0, -0.00308923, -23.5016, 2.97282, 2.67917)
use_collision = true
size = Vector3(55, 3, 1)
material = ExtResource("3_862a5")

[node name="CSGBox3D5" type="CSGBox3D" parent="colliders"]
transform = Transform3D(-0.843984, -0.536342, -0.0052146, -0.536332, 0.844001, -0.00331375, 0.00617843, -3.16889e-10, -0.99998, 10.3494, 1.99632, 1.41695)
use_collision = true
size = Vector3(4.60107, 0.502591, 14.107)
material = ExtResource("3_862a5")

[node name="CSGBox3D7" type="CSGBox3D" parent="colliders"]
transform = Transform3D(0.849607, 0.527317, -0.0102242, -0.527376, 0.849622, -0.004133, 0.00650729, 0.00890342, 0.999939, 18.6499, 2.07674, 1.42846)
use_collision = true
size = Vector3(4.60107, 0.502591, 14.0192)
material = ExtResource("3_862a5")

[node name="CSGBox3D6" type="CSGBox3D" parent="colliders"]
transform = Transform3D(-0.999963, -0.00595152, -0.00617832, -0.0059514, 0.999982, -3.67712e-05, 0.00617843, 0, -0.99998, 14.4541, 3.1768, 1.38929)
use_collision = true
size = Vector3(4.60107, 0.502591, 14.107)
material = ExtResource("3_862a5")

[node name="Stairs" type="Node3D" parent="colliders"]

[node name="CSGBox3D8" type="CSGBox3D" parent="colliders/Stairs"]
transform = Transform3D(-0.999963, -0.00595152, -0.00617832, -0.0059514, 0.999982, -3.67712e-05, 0.00617843, 0, -0.99998, -1.42272, 1.61775, 1.38929)
use_collision = true
size = Vector3(0.392448, 0.135761, 14.107)
material = ExtResource("3_862a5")

[node name="CSGBox3D9" type="CSGBox3D" parent="colliders/Stairs"]
transform = Transform3D(-0.999963, -0.00595152, -0.00617832, -0.0059514, 0.999982, -3.67712e-05, 0.00617843, 0, -0.99998, -1.80449, 1.74329, 1.38929)
use_collision = true
size = Vector3(0.392448, 0.135761, 14.107)
material = ExtResource("3_862a5")

[node name="CSGBox3D10" type="CSGBox3D" parent="colliders/Stairs"]
transform = Transform3D(-0.999963, -0.00595152, -0.00617832, -0.0059514, 0.999982, -3.67712e-05, 0.00617843, 0, -0.99998, -2.17758, 1.87023, 1.38929)
use_collision = true
size = Vector3(0.392448, 0.135761, 14.107)
material = ExtResource("3_862a5")

[node name="@CSGBox3D10@19582" type="CSGBox3D" parent="colliders/Stairs"]
transform = Transform3D(-0.999963, -0.00595152, -0.00617832, -0.0059514, 0.999982, -3.67712e-05, 0.00617843, 0, -0.99998, -2.55936, 1.99577, 1.38929)
use_collision = true
size = Vector3(0.392448, 0.135761, 14.107)
material = ExtResource("3_862a5")

[node name="CSGBox3D11" type="CSGBox3D" parent="colliders/Stairs"]
transform = Transform3D(-0.999963, -0.00595152, -0.00617832, -0.0059514, 0.999982, -3.67712e-05, 0.00617843, 0, -0.99998, -2.8971, 2.11789, 1.38929)
use_collision = true
size = Vector3(0.392448, 0.135761, 14.107)
material = ExtResource("3_862a5")

[node name="@CSGBox3D11@20746" type="CSGBox3D" parent="colliders/Stairs"]
transform = Transform3D(-0.999963, -0.00595152, -0.00617832, -0.0059514, 0.999982, -3.67712e-05, 0.00617843, 0, -0.99998, -3.27887, 2.24343, 1.38929)
use_collision = true
size = Vector3(0.392448, 0.135761, 14.107)
material = ExtResource("3_862a5")

[node name="@CSGBox3D11@20747" type="CSGBox3D" parent="colliders/Stairs"]
transform = Transform3D(-0.999963, -0.00595152, -0.00617832, -0.0059514, 0.999982, -3.67712e-05, 0.00617843, 0, -0.99998, -3.65196, 2.37037, 1.38929)
use_collision = true
size = Vector3(0.392448, 0.135761, 14.107)
material = ExtResource("3_862a5")

[node name="CSGBox3D1019582" type="CSGBox3D" parent="colliders/Stairs"]
transform = Transform3D(-0.999963, -0.00595152, -0.00617832, -0.0059514, 0.999982, -3.67712e-05, 0.00617843, 0, -0.99998, -4.03373, 2.49591, 1.38929)
use_collision = true
size = Vector3(0.392448, 0.135761, 14.107)
material = ExtResource("3_862a5")

[node name="CSGBox3D12" type="CSGBox3D" parent="colliders/Stairs"]
transform = Transform3D(-0.999963, -0.00595152, -0.00617832, -0.0059514, 0.999982, -3.67712e-05, 0.00617843, 0, -0.99998, -4.41911, 2.62279, 1.38929)
use_collision = true
size = Vector3(0.392448, 0.135761, 14.107)
material = ExtResource("3_862a5")

[node name="@CSGBox3D12@21676" type="CSGBox3D" parent="colliders/Stairs"]
transform = Transform3D(-0.999963, -0.00595152, -0.00617832, -0.0059514, 0.999982, -3.67712e-05, 0.00617843, 0, -0.99998, -4.80088, 2.74833, 1.38929)
use_collision = true
size = Vector3(0.392448, 0.135761, 14.107)
material = ExtResource("3_862a5")

[node name="@CSGBox3D12@21677" type="CSGBox3D" parent="colliders/Stairs"]
transform = Transform3D(-0.999963, -0.00595152, -0.00617832, -0.0059514, 0.999982, -3.67712e-05, 0.00617843, 0, -0.99998, -5.17397, 2.87527, 1.38929)
use_collision = true
size = Vector3(0.392448, 0.135761, 14.107)
material = ExtResource("3_862a5")

[node name="CSGBox3D1019583" type="CSGBox3D" parent="colliders/Stairs"]
transform = Transform3D(-0.999963, -0.00595152, -0.00617832, -0.0059514, 0.999982, -3.67712e-05, 0.00617843, 0, -0.99998, -5.55574, 3.00081, 1.38929)
use_collision = true
size = Vector3(0.392448, 0.135761, 14.107)
material = ExtResource("3_862a5")

[node name="@CSGBox3D12@21678" type="CSGBox3D" parent="colliders/Stairs"]
transform = Transform3D(-0.999963, -0.00595152, -0.00617832, -0.0059514, 0.999982, -3.67712e-05, 0.00617843, 0, -0.99998, -5.89349, 3.12293, 1.38929)
use_collision = true
size = Vector3(0.392448, 0.135761, 14.107)
material = ExtResource("3_862a5")

[node name="CSGBox3D1120746" type="CSGBox3D" parent="colliders/Stairs"]
transform = Transform3D(-0.999963, -0.00595152, -0.00617832, -0.0059514, 0.999982, -3.67712e-05, 0.00617843, 0, -0.99998, -6.27526, 3.24847, 1.38929)
use_collision = true
size = Vector3(0.392448, 0.135761, 14.107)
material = ExtResource("3_862a5")

[node name="CSGBox3D1120747" type="CSGBox3D" parent="colliders/Stairs"]
transform = Transform3D(-0.999963, -0.00595152, -0.00617832, -0.0059514, 0.999982, -3.67712e-05, 0.00617843, 0, -0.99998, -6.64835, 3.37541, 1.38929)
use_collision = true
size = Vector3(0.392448, 0.135761, 14.107)
material = ExtResource("3_862a5")

[node name="@CSGBox3D1019583@21679" type="CSGBox3D" parent="colliders/Stairs"]
transform = Transform3D(-0.999963, -0.00595152, -0.00617832, -0.0059514, 0.999982, -3.67712e-05, 0.00617843, 0, -0.99998, -7.03012, 3.50095, 1.38929)
use_collision = true
size = Vector3(0.392448, 0.135761, 14.107)
material = ExtResource("3_862a5")
