0 FILE German Mobile 8.8 cm Flak 36 Anti Aircraft and Tank Gun
0 Untitled Model
0 Name:  German Mobile 8
0 Author:  Peter Vandergragt
0 CustomBrick
1 16 12.4599 0 302.0001 1 0 0 0 1 0 0 0 1 wheels 1
0 STEP
1 16 15.5402 -0.0001 30.0001 -1 0 0 0 1 0 0 0 -1 wheels 2
0 STEP
1 16 -259.8499 -7.6985 162 -1 0 0 0 1 0 0 0 -1 gun base
0 STEP
0 STEP
1 16 10.1502 -55.6985 150.0001 1 0 -0.000001 0 1 0 0.000001 0 1 flak 36 88 mmm gun
0 STEP
1 5 10 0 170 1 0 0 0 1 0 0 0 1 mwg_turret_base_anchor.dat
0 NOFILE
0 FILE Wheels 1
0 Wheels 1
0 Name:  Wheels 1
0 Author: 
0 CustomBrick
0 NumOfBricks:  36
1 7 -2.9998 -31.6985 -11.9999 -1.000003 0 0 0 1 -0.000001 0 -0.000001 -1.000004 3021.dat
0 STEP
1 7 -32.9999 -39.6985 -12 -1.000003 0 0 0 1 -0.000001 0 -0.000001 -1.000004 2444.dat
1 7 27.0003 -39.6985 -11.9999 1.000003 0 0 0 1 0.000001 0 -0.000001 1.000004 2444.dat
1 71 -2.9998 -39.6985 -22 1.000003 0 -0.000001 0 1 0.000001 0.000001 -0.000001 1.000004 61252.dat
1 71 -2.9998 -39.6985 -1.9999 0 0 -1.000003 0.000001 1 0 1.000004 -0.000001 0 3024.dat
0 STEP
1 7 37.0003 -47.6985 -1.9999 -1 0 0 0 1 -0.000001 0 -0.000001 -1 2420.dat
1 7 -42.9999 -47.6985 -2 0 0 1 -0.000001 1 0 -1 -0.000001 0 2420.dat
1 7 -2.9998 -47.6985 -1.9999 -1 0 0 0 1 -0.000001 0 -0.000001 -1 3024.dat
0 STEP
1 71 -2.9998 -39.6985 -22 1 0 0 0 1 0.000001 0 -0.000001 1 54200.dat
1 71 -22.9999 -39.6985 -22 1 0 0 0 1 0.000001 0 -0.000001 1 54200.dat
1 71 17.0002 -39.6985 -22 1 0 0 0 1 0.000001 0 -0.000001 1 54200.dat
1 7 37.0003 -55.6985 -1.9999 -1.000003 0 0 0 1 -0.000001 0 -0.000001 -1.000004 2420.dat
1 7 -42.9999 -55.6985 -2 0 0 1 -0.000001 1 0 -1 -0.000001 0 2420.dat
1 71 -2.9998 -55.6985 -1.9999 -1.000003 0 0 0 1 -0.000001 0 -0.000001 -1.000004 61252.dat
0 STEP
1 71 -2.9999 -63.6985 -2 -1 0 0 0 1 -0.000001 0 -0.000001 -1 63864.dat
1 7 37.0003 -63.6985 -11.9999 0 0 -1.000003 0.000001 1 0 1.000004 -0.000001 0 3839b.dat
1 7 -42.9999 -63.6985 -11.9999 0 0 1.000003 -0.000001 1 0 -1.000004 -0.000001 0 3839b.dat
0 STEP
1 71 47.0004 -71.6985 -11.9999 0 0 -1.000003 0.000001 1 0 1.000004 -0.000001 0 87580.dat
1 71 -52.9999 -71.6985 -11.9999 0 0 -1.000002 0.000001 1 0 1.000002 -0.000001 0 87580.dat
1 7 -53 -79.6985 -11.9999 0 0 -1.000003 0.000001 1 0 1.000004 -0.000001 0 2412b.dat
1 7 47.0004 -79.6985 -11.9999 0 0 -1.000003 0.000001 1 0 1.000004 -0.000001 0 2412b.dat
0 STEP
1 71 47.0003 -29.6985 -11.9999 -1.000003 0 0 0 1 -0.000001 0 -0.000001 -1.000004 3673.dat
1 71 -53 -29.6985 -12 -1.000003 0 0 0 1 -0.000001 0 -0.000001 -1.000004 3673.dat
0 STEP
1 71 -63 -29.6985 -12 0 0 1.000003 0.707109 0.707106 0 -0.707108 0.707108 0 56902.dat
1 71 57.0004 -29.6985 -12 0 0 -1.000003 0.707109 0.707106 0 0.707108 -0.707108 0 56902.dat
1 0 57.0004 -29.6985 -12 0 0 -1.000004 -0.000002 -1.000001 0 -1.000002 0 0 61254.dat
1 0 -63 -29.6985 -12 0 0 -1 0 1 0 1 0 0 61254.dat
0 STEP
1 71 -0.9998 -33.6985 20.0001 1 0 0 0 -0.000001 1 0 -1 -0.000001 2540.dat
1 7 -0.9998 -33.6985 28.0002 -1.000004 0 0 0 -0.000001 -1 -0.000001 -1.000004 0.000001 3710.dat
0 STEP
1 71 -0.9998 -33.6985 36.0002 -1.000004 0 0 0 -0.000001 -1 -0.000001 -1.000004 0.000001 15573.dat
1 71 29.0003 -33.6985 36.0002 0 0 -1.000003 1 -0.000001 0 -0.000001 -1.000004 0 85861.dat
1 71 -30.9999 -33.6985 36.0002 0 0 -1.000003 1 -0.000001 0 -0.000001 -1.000004 0 3070b.dat
0 STEP
1 71 29.0003 -33.6984 52.0003 -1.000003 0 0 0 -0.000001 -1 0 -1.000004 0.000001 4697b.dat
1 71 -0.9998 -33.6984 44.0003 -1.000004 0 0 0 -0.000001 -1 -0.000001 -1.000004 0.000001 15712.dat
0 STEP
1 0 -0.9998 -49.5734 46.0003 -1.000003 0 0 0 0 1 0 1.000004 0 4599b.dat
1 71 -0.9998 -39.5734 83.0004 -1.000003 0 0 0 -1 0 0 0 1.000004 42446.dat
0 STEP
0 NOFILE
0 FILE Wheels 2
0 Wheels 2
0 Name:  Wheels 2
0 Author: 
0 CustomBrick
0 NumOfBricks:  38
1 7 5 -31.6985 0 1 0 0 0 1 0 0 0 1 3021.dat
0 STEP
1 7 35 -39.6985 0 1 0 0 0 1 0 0 0 1 2444.dat
1 7 -25 -39.6985 0 -1 0 0 0 1 0 0 0 -1 2444.dat
1 71 -45 -29.6985 0 1 0 0 0 1 0 0 0 1 3673.dat
1 71 55 -29.6985 0 1 0 0 0 1 0 0 0 1 3673.dat
0 STEP
1 71 65 -29.6985 0 0 0 -1 0.707109 0.707106 0 0.707106 -0.707106 0 56902.dat
1 71 -55 -29.6985 0 0 0 1 0.707109 0.707106 0 -0.707106 0.707106 0 56902.dat
1 0 -55 -29.6985 0 0 0 1 -0.000002 -1.000001 0 0.999999 0 0 61254.dat
1 0 65 -29.6985 0.0001 0 0 0.999997 0 1 0 -0.999997 0 0 61254.dat
0 STEP
1 71 5.0001 -39.6985 -20 0.000001 0 1 0 1 0 -1 0 0.000001 63868.dat
1 71 5 -39.6985 10 -1 0 0 0 1 0 0 0 -1 61252.dat
0 STEP
1 70 5.0001 -47.6985 -30 1 0 0 0 1 0 0 0 1 3070b.dat
1 7 15 -47.6985 0 1 0 0 0 1 0 0 0 1 3020.dat
1 7 -35 -47.6985 0 0 0 1 0 1 0 -1 0 0 3023.dat
0 STEP
1 7 -15 -55.6985 -10 1 0 0 0 1 0 0 0 1 3070b.dat
1 7 25 -55.6985 10 1 0 0 0 1 0 0 0 1 3070b.dat
1 71 -5 -55.6985 10 1 0 0 0 1 0 0 0 1 15573.dat
1 71 15 -55.6985 -10 1 0 0 0 1 0 0 0 1 15573.dat
1 7 -35 -55.6985 0.0001 0 0 -1 0 1 0 1 0 0 3023.dat
1 7 45 -55.6985 0 0 0 -1 0 1 0 1 0 0 3023.dat
0 STEP
1 7 -35.0001 -63.6985 -0.0006 0 0 1 0 1 0 -1 0 0 3839b.dat
1 7 45.0003 -63.6985 0 0 0 -1.000004 0 1 0 1.000004 0 0 3839b.dat
1 71 -45 -71.6985 0.0001 0 0 1.000004 0 1 0 -1.000004 0 0 87580.dat
1 71 55.0003 -71.6985 0 0 0 1.000002 0 1 0 -1.000002 0 0 87580.dat
0 STEP
1 71 -45 -79.7885 0 1 0 0 0 1 0 0 0 1 85861.dat
1 71 55.0003 -80.1485 0 1 0 0 0 1 0 0 0 1 85861.dat
1 7 55.0003 -91.6985 0 0 0 -1 0 1 0 1 0 0 4697b.dat
1 7 -45 -91.6985 0 0 0 -1 0 1 0 1 0 0 4697b.dat
0 STEP
1 71 45.0603 -91.6985 0 0 1 0 0 0 1 1 0 0 85861.dat
1 71 -55.76 -91.6985 0 0 1 0 0 0 1 1 0 0 85861.dat
1 71 -32.85 -91.6985 0 0 -1 0 0 0 1 -1 0 0 85861.dat
1 71 65.8903 -91.6985 0.0001 0 -1 0 0 0 1 -1 0 0 85861.dat
0 STEP
1 71 73.8903 -91.6985 0.0001 0 -1 0 1 0 0 0 0 1 4740.dat
1 71 37.0603 -91.6985 0 0 1 0 1 0 0 0 0 -1 4740.dat
1 71 -24.83 -91.6985 0 0 -1 0 1 0 0 0 0 1 4740.dat
1 71 -63.8699 -91.6985 0 0 1 0 1 0 0 0 0 -1 4740.dat
0 STEP
1 70 5 -63.6985 0 1 0 0 0 1 0 0 0 1 4079b.dat
1 71 -35.36 -37.6985 30 0 1 0 -1 0 0 0 0 1 30374.dat
0 STEP
0 NOFILE
0 FILE Gun Base
0 Gun Base
0 Name:  Gun Base
0 Author: 
0 CustomBrick
0 NumOfBricks:  44
1 16 -270 -12 -10 1 0 0 0 1 0 0 0 1 main base
0 STEP
0 STEP
0 STEP
0 STEP
0 STEP
0 NOFILE
0 FILE Main Base
0 Main Base
0 Name:  Main Base
0 Author: 
0 CustomBrick
0 NumOfBricks:  18
1 71 -0.0001 -12 1.9999 1 0 0 0 1 0 0 0 1 60474.dat
0 STEP
1 71 -0.0001 -20 -38.0001 1 0 0 0 1 0 0 0 1 3022.dat
1 71 0 -20 42 1 0 0 0 1 0 0 0 1 3022.dat
1 71 30 -20 1.9999 0 0 -1 0 1 0 1 0 0 48336.dat
1 71 -30 -20 1.9999 0 0 1 0 1 0 -1 0 0 48336.dat
0 STEP
1 71 -0.0001 -20 1.9999 1 0 0 0 1 0 0 0 1 15535.dat
1 71 -0.0001 -23.54 1.9999 0 1 0 -1 0 0 0 0 1 4274.dat
0 STEP
1 71 10 -28 -8.0001 1 0 0 0 1 0 0 0 1 27925.dat
1 71 10 -28 12 0 0 -1 0 1 0 1 0 0 27925.dat
1 71 -10 -28 11.9999 -1 0 0 0 1 0 0 0 -1 27925.dat
1 71 -10 -28 -8.0001 0 0 1 0 1 0 -1 0 0 27925.dat
1 71 -0.0001 -31.54 1.9999 1 0 0 0 1 0 0 0 1 4740.dat
0 STEP
1 7 -0.0001 -12 -58.0001 1 0 0 0 1 0 0 0 1 3022.dat
1 7 0 -12 62 1 0 0 0 1 0 0 0 1 3022.dat
1 71 -0.0001 -20 -68.0001 1 0 0 0 1 0 0 0 1 48336.dat
1 71 0 -20 71.9999 -1 0 0 0 1 0 0 0 -1 48336.dat
0 STEP
1 7 -0.0001 -28 -58.0001 1 0 0 0 1 0 0 0 1 3068b.dat
1 7 0 -28 62 1 0 0 0 1 0 0 0 1 3068b.dat
0 STEP
0 NOFILE
0 FILE Leg 1
0 Leg 1
0 Name:  Leg 1
0 Author: 
0 CustomBrick
0 NumOfBricks:  7
1 7 -10.0001 -24 1.9999 1 0 0 0 1 0 0 0 1 3623.dat
0 STEP
1 71 -30 -32 1.9999 0 0 1 0 1 0 -1 0 0 61252.dat
1 71 10 -32 1.9999 0 0 -1 0 1 0 1 0 0 60897.dat
1 71 -10.0001 -32 1.9999 1 0 0 0 1 0 0 0 1 3024.dat
0 STEP
1 71 -10.0001 -40 1.9998 0.999999 0 0 0 1 0 0 0 0.999999 63864.dat
0 STEP
1 71 10 -16 2 0.999999 0 0 0 1 0 0 0 0.999999 85861.dat
1 7 10 -8 2 0.999999 0 0 0 1 0 0 0 0.999999 4740.dat
0 STEP
0 NOFILE
0 FILE Leg 2
0 Leg 2
0 Name:  Leg 2
0 Author: 
0 CustomBrick
0 NumOfBricks:  7
1 7 -10 -24 -3.39 1 0 0 0 1 0 0 0 1 3623.dat
0 STEP
1 71 -30 -32 -3.3899 0 0 1 0 1 0 -1 0 0 61252.dat
1 71 10.0001 -32 -3.39 0 0 -1 0 1 0 1 0 0 60897.dat
1 71 -10 -32 -3.39 1 0 0 0 1 0 0 0 1 3024.dat
0 STEP
1 71 -10 -40 -3.3901 0.999999 0 0 0 1 0 0 0 0.999999 63864.dat
0 STEP
1 71 10 -16 -3.39 1 0 0 0 1 0 0 0 1 85861.dat
1 7 10 -8 -3.39 1 0 0 0 1 0 0 0 1 4740.dat
0 STEP
0 NOFILE
0 FILE Leg 3
0 Leg 3
0 Name:  Leg 3
0 Author: 
0 CustomBrick
0 NumOfBricks:  6
1 7 1.9999 -24 -0.0001 1 0 0 0 1 0 0 0 1 3023.dat
0 STEP
1 71 -8.0001 -32 -0.0001 0 0 1 0 1 0 -1 0 0 60897.dat
1 71 12 -32 0.0001 -0.000001 0 -1.000001 0 1 0 1.000001 0 -0.000001 61252.dat
0 STEP
1 7 1.9999 -40 -0.0001 1 0 0 0 1 0 0 0 1 3069b.dat
0 STEP
1 71 -8.0001 -16 -0.0001 -1 0 0 0 1 0 0 0 -1 85861.dat
1 7 -8.0001 -8 -0.0001 -1 0 0 0 1 0 0 0 -1 4740.dat
0 STEP
0 NOFILE
0 FILE Leg 4
0 Leg 4
0 Name:  Leg 4
0 Author: 
0 CustomBrick
0 NumOfBricks:  6
1 7 -2.0001 -24 -1.1301 0.999999 0 0 0 1 0 0 0 0.999999 3023.dat
1 71 -12.0001 -32 -1.1302 0 0 0.999999 0 1 0 -0.999999 0 0 60897.dat
1 71 8.0001 -32 -1.13 -0.000001 0 -1 0 1 0 1 0 -0.000001 61252.dat
1 7 -2.0001 -40 -1.1302 0.999999 0 0 0 1 0 0 0 0.999999 3069b.dat
1 71 -12.0001 -16 -1.1301 -1 0 0 0 1 0 0 0 -1 85861.dat
1 7 -12.0002 -8 -1.1301 -1 0 0 0 1 0 0 0 -1 4740.dat
0 NOFILE
0 FILE Shell
0 Shell
0 Name:  Shell
0 Author: 
0 CustomBrick
0 NumOfBricks:  13
1 71 0 -4.6838 14.896 -1 0 0 0 1 0 0 0 -1 60470b.dat
1 7 0 3.3162 14.896 1 0 0 0 1 0 0 0 1 3666.dat
1 7 40 -4.6838 14.896 1 0 0 0 1 0 0 0 1 3023.dat
1 7 -40 -4.6838 14.896 1 0 0 0 1 0 0 0 1 3023.dat
0 STEP
1 7 40 -12.6838 44.896 0 0 -1 0 1 0 1 0 0 3020.dat
1 7 -40 -12.6838 44.896 0 0 -1 0 1 0 1 0 0 3020.dat
1 7 0 -12.6838 14.896 1 0 0 0 1 0 0 0 1 3023.dat
0 STEP
1 71 30 -20.6838 24.896 1 0 0 0 1 0 0 0 1 26603.dat
1 71 -30 -20.6838 24.896 1 0 0 0 1 0 0 0 1 26603.dat
1 7 -40 -20.6838 54.896 1 0 0 0 1 0 0 0 1 3069b.dat
1 7 40 -20.6838 54.896 1 0 0 0 1 0 0 0 1 3069b.dat
1 71 -40 -20.6838 104.896 0 0 -1 0 1 0 1 0 0 87079.dat
1 71 40 -20.6838 104.896 0 0 -1 0 1 0 1 0 0 87079.dat
0 STEP
0 NOFILE
0 FILE Flak 36 88 mmm Gun
0 Flak 36 88 mmm Gun
0 Name:  Flak 36 88 mmm Gun
0 Author: 
1 71 0 -3.54 20 1 0 -0.000001 0 1 0 0.000001 0 1 4032b.dat
1 7 -10 -27.54 30 0 0 -1 0 1 0 1 0 0 6541.dat
1 7 -10 -27.54 0 0 0 -1 0 1 0 1 0 0 30136.dat
1 7 9.9999 -27.54 30 1 0 -0.000001 0 1 0 0.000001 0 1 3062b.dat
1 7 10 -27.54 0 -0.000001 0 -1 0 1 0 1 0 -0.000001 32000.dat
1 71 0 -35.54 -10 1 0 0 0 1 0 0 0 1 48336.dat
1 71 0 -35.54 20 1 0 -0.000001 0 1 0 0.000001 0 1 87580.dat
1 0 30 -17.54 10 -1 0 0.000001 0 1 0 -0.000001 0 -1 6558.dat
1 0 -30.0001 -17.54 29.9999 1 0 0 0 1 0 0 0 1 6558.dat
1 7 -60.0001 -17.54 39.9999 1 0 0 0 0 1 0 -1 0 2444.dat
1 7 60 -17.54 0 -1 0 0 0 0 1 0 1 0 2444.dat
1 7 0 -59.54 -10 -1 0 0 0 1 0 0 0 -1 30136.dat
1 7 -0.0001 -45.54 30 1 0.000001 0 0 0 1 0.000001 -1 0 3700.dat
1 71 -0.0001 -45.54 38 -1 0.000001 0 0 0 -1 -0.000001 -1 0 15573.dat
1 71 10 -67.54 -10 -1 0 0.000001 0 1 0 -0.000001 0 -1 15712.dat
1 71 -10 -67.54 -9.3701 -1 0 0.000001 0 1 0 -0.000001 0 -1 15712.dat
1 71 0 -55.54 20 0.000001 0 -1 0 -1 0 -1 0 -0.000001 47905.dat
1 7 17.9999 -65.54 60 0 -1 0.000001 -1 0 0 0 -0.000001 -1 30357.dat
1 71 25.9999 -65.5401 60 -0.000001 -1.000002 -0.000001 0.342021 0 -0.939696 0.939693 -0.000001 0.34202 15712.dat
1 71 33.7204 -55.853 77.7854 0.000001 -0.999903 -0.013966 0.939693 -0.004776 0.341986 -0.342019 -0.013124 0.939601 48336.dat
1 71 41.7196 -55.8148 77.8904 0.000001 -0.999903 -0.013966 0.939693 -0.004776 0.341986 -0.342019 -0.013124 0.939602 15573.dat
1 70 49.7189 -55.7766 77.9954 0.000001 -0.999902 -0.013966 0.939693 -0.004776 0.341986 -0.342019 -0.013124 0.939602 14769.dat
1 7 -18.0001 -65.54 60 0.000001 1 0 0 0 -1 -1 0.000001 0 30357.dat
1 71 -26 -65.54 29.9999 -0.000001 1 0 0 0 1 1 0.000001 0 92593.dat
1 71 -26.0001 -85.54 40 0 1 0.000001 1 0 0 0 0.000001 -1 15712.dat
1 7 -32.0001 -85.54 70.3499 0 0.000001 -1 1 0 0 0 -1 -0.000001 30374.dat
1 7 -34.0001 -65.54 59.9999 0 1 -0.000001 -1 0 0 0 0.000001 1 30663.dat
1 7 -34 -65.54 -0.0001 0 1 -0.000001 -1 0 0 0 0.000001 1 30663.dat
1 71 -34.0001 -105.54 47.9499 0.000001 1 0 0 0 -1 -1 0.000001 0 61252.dat
1 71 -34 -105.54 19.8099 0.000001 1 0 0 0 -1 -1 0.000001 0 61252.dat
1 47 -42.0001 -105.54 47.9499 0 1 -0.000001 -1 0 0 0 0.000001 1 98138.dat
1 179 -42 -105.54 19.8099 0.000001 1 0 0 0 -1 -1 0.000001 0 98138pc1.dat
1 7 -10 -73.54 -1.0001 0 0.000001 1 -1 0 0 0 -1 0.000001 30374.dat
1 7 -9.9999 -73.54 -58.31 -0.000001 0 -1 0 1 0 1 0 -0.000001 4274.dat
1 7 -9.9999 -73.54 -35.1301 -0.000001 0 -1 0 1 0 1 0 -0.000001 3673.dat
1 7 10 -73.54 -1.86 0 0.000001 1 -1 0 0 0 -1 0.000001 30374.dat
1 7 10 -73.54 -59.17 -0.000001 0 -1 0 1 0 1 0 -0.000001 4274.dat
1 7 10 -73.54 -35.9901 -0.000001 0 -1 0 1 0 1 0 -0.000001 3673.dat
0 CustomBrick
0 STEP
1 16 0 -73.0674 28.8478 -0.000002 -0.000002 -1 -0.999391 0.034897 0.000002 0.034897 0.999391 -0.000002 gun
0 STEP
1 71 -0.9993 -15.2378 -34.7327 -1 -0.000002 0.000001 0 0.156436 0.987688 -0.000003 0.987688 -0.156436 60470b.dat
1 7 -0.9994 -13.9863 -26.8312 1 -0.000002 -0.000001 0 0.156436 -0.987688 0.000003 0.987688 0.156436 3666.dat
1 7 39.0007 -15.2378 -34.7327 1 -0.000002 -0.000001 0 0.156436 -0.987688 0.000003 0.987688 0.156436 3023.dat
1 7 -40.9993 -15.2377 -34.7328 1 -0.000002 -0.000001 0 0.156436 -0.987688 0.000003 0.987688 0.156436 3023.dat
1 7 39.0007 -46.1199 -37.9411 -0.000001 -0.000002 -1 -0.987688 0.156436 0 0.156436 0.987688 -0.000003 3020.dat
1 7 -40.9993 -46.1199 -37.9413 -0.000001 -0.000002 -1 -0.987688 0.156436 0 0.156436 0.987688 -0.000003 3020.dat
1 7 -0.9993 -16.4892 -42.6343 1 -0.000002 -0.000001 0 0.156436 -0.987688 0.000003 0.987688 0.156436 3023.dat
1 71 29.0007 -27.6176 -48.9713 1 -0.000002 -0.000001 0 0.156436 -0.987688 0.000003 0.987688 0.156436 26603.dat
1 71 -30.9993 -27.6176 -48.9715 1 -0.000002 -0.000001 0 0.156436 -0.987688 0.000003 0.987688 0.156436 26603.dat
1 7 -40.9993 -57.2482 -44.2784 1 -0.000002 -0.000001 0 0.156436 -0.987688 0.000003 0.987688 0.156436 3069b.dat
1 7 39.0007 -57.2483 -44.2782 1 -0.000002 -0.000001 0 0.156436 -0.987688 0.000003 0.987688 0.156436 3069b.dat
1 71 -40.9994 -106.6327 -36.4566 -0.000001 -0.000002 -1 -0.987688 0.156436 0 0.156436 0.987688 -0.000003 87079.dat
1 71 39.0006 -106.6327 -36.4564 -0.000001 -0.000002 -1 -0.987688 0.156436 0 0.156436 0.987688 -0.000003 87079.dat
1 7 0 1 20 1 0 0 0 1 0 0 0 1 mwg_turret_base_anchor.dat
1 13 0 -105 60 1 0 0 0 1 0 0 0 1 mwg_turret_elevator_anchor.dat
0 NOFILE
0 FILE Flak Base
0 Flak Base
0 Name:  Flak Base
0 Author: 
0 CustomBrick
1 71 0 -3.54 0 1 0 -0.000001 0 1 0 0.000001 0 1 4032b.dat
1 7 -10 -27.54 10 0 0 -1 0 1 0 1 0 0 6541.dat
1 7 -10 -27.54 -20 0 0 -1 0 1 0 1 0 0 30136.dat
1 7 9.9999 -27.54 10 1 0 -0.000001 0 1 0 0.000001 0 1 3062b.dat
1 7 10 -27.54 -20 -0.000001 0 -1 0 1 0 1 0 -0.000001 32000.dat
0 STEP
1 71 0 -35.54 -30 1 0 0 0 1 0 0 0 1 48336.dat
1 71 0 -35.54 0 1 0 -0.000001 0 1 0 0.000001 0 1 87580.dat
0 STEP
1 0 30 -17.54 -10 -1 0 0.000001 0 1 0 -0.000001 0 -1 6558.dat
1 0 -30.0001 -17.54 9.9999 1 0 0 0 1 0 0 0 1 6558.dat
1 7 -60.0001 -17.54 19.9999 1 0 0 0 0 1 0 -1 0 2444.dat
1 7 60 -17.54 -20 -1 0 0 0 0 1 0 1 0 2444.dat
0 STEP
1 7 0 -59.54 -30 -1 0 0 0 1 0 0 0 -1 30136.dat
1 7 -0.0001 -45.54 10 1 0.000001 0 0 0 1 0.000001 -1 0 3700.dat
1 71 -0.0001 -45.54 18 -1 0.000001 0 0 0 -1 -0.000001 -1 0 15573.dat
0 STEP
1 71 10 -67.54 -30 -1 0 0.000001 0 1 0 -0.000001 0 -1 15712.dat
1 71 -10 -67.54 -29.3701 -1 0 0.000001 0 1 0 -0.000001 0 -1 15712.dat
0 STEP
1 71 0 -55.54 0 0.000001 0 -1 0 -1 0 -1 0 -0.000001 47905.dat
0 STEP
1 7 17.9999 -65.54 40 0 -1 0.000001 -1 0 0 0 -0.000001 -1 30357.dat
1 71 25.9999 -65.5401 40 -0.000001 -1.000002 -0.000001 0.342021 0 -0.939696 0.939693 -0.000001 0.34202 15712.dat
0 STEP
1 71 33.7204 -55.853 57.7854 0.000001 -0.999903 -0.013966 0.939693 -0.004776 0.341986 -0.342019 -0.013124 0.939601 48336.dat
1 71 41.7196 -55.8148 57.8904 0.000001 -0.999903 -0.013966 0.939693 -0.004776 0.341986 -0.342019 -0.013124 0.939602 15573.dat
0 STEP
1 70 49.7189 -55.7766 57.9954 0.000001 -0.999902 -0.013966 0.939693 -0.004776 0.341986 -0.342019 -0.013124 0.939602 14769.dat
0 STEP
1 7 -18.0001 -65.54 40 0.000001 1 0 0 0 -1 -1 0.000001 0 30357.dat
1 71 -26 -65.54 9.9999 -0.000001 1 0 0 0 1 1 0.000001 0 92593.dat
1 71 -26.0001 -85.54 20 0 1 0.000001 1 0 0 0 0.000001 -1 15712.dat
0 STEP
1 7 -32.0001 -85.54 50.3499 0 0.000001 -1 1 0 0 0 -1 -0.000001 30374.dat
1 7 -34.0001 -65.54 39.9999 0 1 -0.000001 -1 0 0 0 0.000001 1 30663.dat
1 7 -34 -65.54 -20.0001 0 1 -0.000001 -1 0 0 0 0.000001 1 30663.dat
0 STEP
1 71 -34.0001 -105.54 27.9499 0.000001 1 0 0 0 -1 -1 0.000001 0 61252.dat
1 71 -34 -105.54 -0.1901 0.000001 1 0 0 0 -1 -1 0.000001 0 61252.dat
1 47 -42.0001 -105.54 27.9499 0 1 -0.000001 -1 0 0 0 0.000001 1 98138.dat
1 179 -42 -105.54 -0.1901 0.000001 1 0 0 0 -1 -1 0.000001 0 98138pc1.dat
0 STEP
1 7 -10 -73.54 -21.0001 0 0.000001 1 -1 0 0 0 -1 0.000001 30374.dat
1 7 -9.9999 -73.54 -78.31 -0.000001 0 -1 0 1 0 1 0 -0.000001 4274.dat
1 7 -9.9999 -73.54 -55.1301 -0.000001 0 -1 0 1 0 1 0 -0.000001 3673.dat
1 7 10 -73.54 -21.86 0 0.000001 1 -1 0 0 0 -1 0.000001 30374.dat
1 7 10 -73.54 -79.17 -0.000001 0 -1 0 1 0 1 0 -0.000001 4274.dat
1 7 10 -73.54 -55.9901 -0.000001 0 -1 0 1 0 1 0 -0.000001 3673.dat
0 STEP
0 NOFILE
0 FILE Gun
0 Gun
0 Name:  Gun
0 Author: 
0 CustomBrick
0 NumOfBricks:  29
1 7 33.54 20 0.0001 -1 0 0 0 1 0 0 0 -1 4733.dat
1 7 51.5401 30 0.0001 0 -0.999999 0 0 0 1.000003 -1 0 0 3024.dat
1 7 43.54 11.9999 0.0001 0.999999 0 0 0 1.000003 0 0 0 1 3023.dat
0 STEP
1 7 53.54 -8.0002 0.0001 0 -0.999999 0 1.000003 0 0 0 0 1 75535.dat
1 7 33.5401 3.9999 0.0002 0.999999 0 0 0 1.000003 0 0 0 1 3024.dat
1 7 33.5401 -4.0002 0.0002 0.999999 0 0 0 1.000002 0 0 0 1 3024.dat
1 7 33.54 -28.0003 0.0002 -0.999999 0 0 0 1.000003 0 0 0 -1 3062b.dat
0 STEP
1 7 33.5401 -36.0003 0.0002 0.999999 0 0 0 1.000003 0 0 0 1 3623.dat
1 7 13.54 -28.0003 0.0002 -0.999999 0 0 0 1.000003 0 0 0 -1 3024.dat
0 STEP
1 7 55.54 30 0.0001 0 -0.999999 0 0 0 -1.000002 1 0 0 30162.dat
1 7 33.54 44 0.0001 1 0 0 0 1 0 0 0 1 3005.dat
1 71 33.54 68 0.0001 0 0 -1 0 1 0 1 0 0 87087.dat
1 71 51.54 78 0.0001 0 -1.000003 0 0 0 -1 1.000004 0 0 60897.dat
1 7 15.54 40.0001 0.0001 0 0.999999 0 1.000003 0 0 0 0 -1 3666.dat
1 7 7.54 40.0001 0.0001 0 0.999999 0 1.000003 0 0 0 0 -1 6636.dat
0 STEP
1 7 53.5401 -56.0003 0.0002 0 -0.999999 0 1.000002 0 0 0 0 1 75535.dat
1 7 33.5401 -56.0003 0.0001 0 -0.999999 0 1.000002 0 0 0 0 1 75535.dat
1 7 13.54 -56.0003 0.0002 0 -0.999999 0 1.000002 0 0 0 0 1 75535.dat
0 STEP
1 7 13.54 -76.0003 0.0001 -0.999999 0 0 0 -1.000002 0.000001 0 0 1 3062b.dat
1 71 33.5401 -76.0003 0.0001 0 -1 0 1 0 0 0 0 1 3673.dat
0 STEP
1 7 33.5401 -96.0003 0.0001 0 -1 0 1 0 0 0 0 1 75535.dat
1 71 33.5401 -116.0003 0.0001 0 -1 0 1 0 0 0 0 1 3673.dat
0 STEP
1 0 33.5401 -156.0003 0.0002 -0.000001 -1 0 -1 0.000001 0 0 0 -1 43093.dat
1 7 33.5401 -136.0003 0.0002 0 -1 0 1 0 0 0 0 1 75535.dat
0 STEP
1 71 33.54 -176.0003 0.0001 -0.000001 -1 0.000001 0 0.000001 1 -1 0.000001 0 59443.dat
0 STEP
1 71 33.54 -216.0003 0.0002 -0.000001 -1 0.000001 0 0.000001 1 -1 0.000001 0 59443.dat
1 7 33.54 -196.0003 0.0002 0.000001 -1 0.000001 1 0.000001 0 0 0.000001 1 32062.dat
0 STEP
1 71 33.54 -256.0003 0.0002 -0.000001 -1 0.000001 0 0.000001 1 -1 0.000001 0 59443.dat
1 7 33.54 -236.0003 0.0002 0.000001 -1 0.000001 1 0.000001 0 0 0.000001 1 32062.dat
0 STEP
0 NOFILE
