0 Untitled Model
0 Name:  gangster
0 Author:  
0 CustomBrick
0 NumOfBricks:  9
1 0 0.000000 -40.000000 11.000000 1.000000 0.000000 0.000000 0.000000 1.000000 0.000000 0.000000 0.000000 1.000000 3815c01.dat
1 0 0.000000 -72.000000 11.000000 1.000000 0.000000 0.000000 0.000000 1.000000 0.000000 0.000000 0.000000 1.000000 973p8l.dat
1 0 15.471800 -63.124320 11.000000 0.985328 0.170671 0.000000 -0.170671 0.985328 0.000000 0.000000 0.000000 1.000000 3819.dat
1 0 -15.574620 -63.092840 11.000000 0.985495 -0.169703 0.000000 0.169703 0.985495 0.000000 0.000000 0.000000 1.000000 3818.dat
1 14 -23.726460 -45.216940 1.500000 0.991565 0.048984 0.119998 0.048984 0.715542 -0.696850 -0.119998 0.696850 0.707107 3820.dat
1 14 23.641180 -45.256440 0.999990 0.991469 -0.049255 -0.120682 -0.049255 0.715638 -0.696732 0.120682 0.696732 0.707107 3820.dat
1 14 0.000000 -96.000000 11.000000 1.000000 0.000000 0.000000 0.000000 1.000000 0.000000 0.000000 0.000000 1.000000 3626cp08.dat
1 0 0.000000 -96.000000 11.000000 1.000000 0.000000 0.000000 0.000000 1.000000 0.000000 0.000000 0.000000 1.000000 61506.dat
1 72 -25.073770 -39.205460 -7.179140 0.996778 0.077211 0.021714 -0.021714 0.520390 -0.853653 -0.077211 0.850431 0.520390 30132.dat
