0 FILE minifig ufo.io
0 Untitled Model
0 Name:  minifig ufo
0 Author:  Peter Vandergragt
0 CustomBrick
0 NumOfBricks:  11
1 16 -0.020900 0.000000 -13.166660 1.000000 0.000000 0.000000 0.000000 1.000000 0.000000 0.000000 0.000000 1.000000 [minifig][name:"ufo soldier"]
0 NOFILE
0 FILE [minifig][name:"UFO soldier"]
0 SubModel Group 1
0 Name:  [minifig][name:"UFO soldier"]
0 Author:  
0 CustomBrick
0 NumOfBricks:  11
1 8 0.020900 -72.000000 4.166660 1.000000 0.000000 0.000000 0.000000 1.000000 0.000000 0.000000 0.000000 1.000000 973p6v.dat
1 1 -15.553710 -63.092840 4.166660 0.985495 -0.169703 0.000000 0.169703 0.985495 0.000000 0.000000 0.000000 1.000000 3818.dat
1 0 -23.705600 -45.217050 -5.333340 0.991565 0.048984 0.119998 0.048983 0.715542 -0.696850 -0.119998 0.696850 0.707107 3820.dat
1 1 15.492710 -63.124330 4.166680 0.985328 0.170671 0.000000 -0.170671 0.985328 0.000000 -0.000001 0.000000 1.000000 3819.dat
1 0 23.662080 -45.256420 -5.833330 0.991481 0.048980 -0.120682 -0.119745 0.707265 -0.696731 0.051228 0.705249 0.707107 3820.dat
1 8 0.020900 -98.660010 4.166660 1.000000 0.000000 0.000000 0.000000 1.000000 0.000000 0.000000 0.000000 1.000000 30120p01.dat
1 1 0.020900 -40.000000 4.166660 1.000000 0.000000 0.000000 0.000000 1.000000 0.000000 0.000000 0.000000 1.000000 3815c6v.dat
1 0 0.020900 -72.000000 4.166660 1.000000 0.000000 0.000000 0.000000 1.000000 0.000000 0.000000 0.000000 1.000000 30121.dat
1 0 0.020900 -98.660010 4.166660 1.000000 0.000000 0.000000 0.000000 1.000000 0.000000 0.000000 0.000000 1.000000 3626c.dat
1 16 -70.000000 0.000000 -36.000000 1.000000 0.000000 0.000000 0.000000 1.000000 0.000000 0.000000 0.000000 1.000000 [weapon:"space lazer"][type:ranged][size:small]
0 NOFILE
0 FILE [weapon:"Space Lazer"][type:ranged][size:small]
0 SubModel Group 1
0 Name:  [weapon:"Space Lazer"][type:ranged][size:small]
0 Author:  
0 CustomBrick
0 NumOfBricks:  2
1 16 0.000000 0.000000 0.000000 1.000000 0.000000 0.000000 0.000000 1.000000 0.000000 0.000000 0.000000 1.000000 [weapon:"space lazer"][type:ranged][size:small] copy
0 NOFILE
0 FILE [weapon:"Space Lazer"][type:ranged][size:small] Copy
0 [weapon:"Space Lazer"][type:ranged][size:small] Copy
0 Name:  [weapon:"Space Lazer"][type:ranged][size:small] Copy
0 Author:  
0 CustomBrick
0 NumOfBricks:  2
1 0 0.000000 -20.000000 26.000000 -1.000000 0.000000 0.000000 0.000000 1.000000 0.000000 0.000000 0.000000 -1.000000 4349.dat
1 35 0.000000 -20.000000 0.000000 1.000000 0.000000 0.000000 0.000000 0.000000 -1.000000 0.000000 1.000000 0.000000 6141.dat
0 NOFILE
