0 FILE New Model.ldr
0 
0 Name: New Model.ldr
0 Author: 
0 NOFILE
0 FILE [minifig:"UFO Soldier"].ldr
0 
0 Name: [minifig:"UFO Soldier"].ldr
0 Author: 
1 8 0.0209 -72 4.1667 1 0 0 0 1 0 0 0 1 973p6v.dat
1 1 -15.5537 -63.0928 4.1667 0.985495 -0.169703 0 0.169703 0.985495 0 0 0 1 3818.dat
1 0 -23.7056 -45.217 -5.3333 0.991565 0.048984 0.119998 0.048983 0.715542 -0.69685 -0.119998 0.69685 0.707107 3820.dat
1 1 15.4927 -63.1243 4.1667 0.985328 0.170671 0 -0.170671 0.985328 0 -0.000001 0 1 3819.dat
1 0 23.6621 -45.2564 -5.8333 0.991481 0.04898 -0.120682 -0.119745 0.707265 -0.696731 0.051228 0.705249 0.707107 3820.dat
1 8 0.0209 -98.66 4.1667 1 0 0 0 1 0 0 0 1 30120p01.dat
1 1 0.0209 -40 4.1667 1 0 0 0 1 0 0 0 1 3815c6v.dat
1 0 0.0209 -72 4.1667 1 0 0 0 1 0 0 0 1 30121.dat
1 0 0.0209 -98.66 4.1667 1 0 0 0 1 0 0 0 1 3626c.dat
0 NOFILE
